id,f1,f2,f3,f4,f5,f6,f7,ce1,ce2,ce3,ce4,ce5,ce6,ce7,ap1,ap2,ap3,ap4,ap5,ap6,tp1,tp2,tp3,tp4,tp5,tp6,np1,np2,np3,np4,np5,np6,np7,np8,np9,ad1,ad2,ad3,ad4,ad5,afn1,afn2,afn3,afn4,afn5,afn6,afn7,afn8,afn9,afn10,afp1,afp2,afp3,afp4,afp5,afp6,afp7,afp8,afp9,afp10,sexo,idade,raca,estado_civil,renda_familiar,dependentes_da_renda,area_de_estudos
1,2,2,2,1,1,5,4,4,4,4,4,5,4,1,5,5,4,2,4,1,5,5,5,5,4,5,1,1,1,1,1,1,2,1,2,2,2,2,2,2,4,5,5,2,4,4,5,4,4,5,3,2,5,3,2,3,5,3,3,3,Female,21,brown,single,3600,2,social_sciences_arts_education
2,5,5,5,5,5,5,5,4,5,5,5,5,5,2,5,5,5,2,2,2,3,3,5,4,2,5,1,1,1,1,1,1,1,1,1,1,1,1,1,1,4,5,4,3,3,2,4,2,2,2,3,4,4,4,4,4,3,3,4,4,Male,24,brown,single,3000,4,exact_ biological_sciences
3,4,5,5,5,4,5,5,4,3,4,5,4,4,5,4,4,5,4,5,2,4,5,4,5,4,5,1,1,4,5,1,1,1,1,1,1,1,2,2,1,5,5,5,5,4,4,5,4,4,5,3,4,5,5,4,3,5,3,4,4,Male,20,brown,single,1200,5,social_sciences_arts_education
4,2,2,2,2,3,4,2,3,4,4,4,3,3,3,2,5,5,2,3,2,4,5,5,5,5,3,1,1,4,1,1,1,2,1,2,4,2,7,4,4,3,4,4,3,2,2,4,2,3,4,2,4,4,2,3,4,4,3,3,2,Female,21,white,single,2000,5,social_sciences_arts_education
5,2,4,3,2,4,5,4,4,5,4,4,3,5,4,5,5,5,1,4,3,5,5,2,5,5,3,1,1,3,2,1,1,3,1,2,4,3,7,3,1,5,5,3,5,1,1,1,1,1,2,3,3,4,3,5,2,5,3,3,5,Male,18,brown,single,500,2,exact_ biological_sciences
6,2,3,2,1,2,4,3,5,5,5,4,5,3,3,3,4,3,1,2,3,5,3,3,3,1,4,1,2,1,3,1,1,3,1,2,1,1,7,1,1,2,4,5,4,5,3,2,5,2,3,4,5,5,5,3,5,5,5,5,5,Male,21,white,single,5000,5,healthcare
7,1,3,4,4,5,4,5,4,5,4,5,4,5,4,3,4,4,3,3,1,5,4,5,5,5,5,1,1,3,2,1,1,2,1,2,4,2,4,4,4,4,3,4,3,3,1,2,3,2,2,5,2,4,4,4,3,3,3,3,4,Female,18,brown,single,4000,5,social_sciences_arts_education
8,2,5,5,3,5,5,4,5,5,5,5,5,5,5,5,3,3,3,4,3,5,4,5,4,5,5,1,1,1,1,1,1,1,1,1,1,1,1,1,1,3,4,4,4,3,2,3,2,1,2,2,2,4,5,4,4,4,3,3,4,Female,19,white,single,2862,2,social_sciences_arts_education
9,3,5,5,3,4,5,4,5,5,5,4,4,4,2,4,4,3,2,2,3,5,4,4,4,3,5,1,1,1,1,1,1,1,1,1,2,1,1,1,2,2,3,4,3,2,2,2,2,1,2,3,4,5,4,4,3,5,4,4,4,Female,18,brown,single,2745,5,healthcare
10,5,5,5,5,4,2,4,3,3,3,3,3,4,3,2,3,4,2,4,2,5,5,3,4,2,4,3,4,3,5,3,3,2,1,3,1,6,7,1,1,3,4,3,3,2,2,4,3,2,2,4,3,3,4,4,3,5,4,3,4,Female,19,white,single,1650,3,social_sciences_arts_education
11,4,4,5,5,4,5,4,5,5,4,5,3,5,3,4,5,5,2,3,3,4,4,4,4,5,4,1,1,1,1,1,1,1,1,1,1,1,1,1,1,3,4,5,3,2,1,2,3,2,3,4,3,3,4,3,4,4,4,3,4,Female,22,white,single,1500,3,social_sciences_arts_education
12,3,3,3,3,4,4,2,4,4,4,4,4,4,3,4,5,5,2,4,2,4,4,2,4,3,4,1,1,1,1,1,1,2,1,3,1,1,1,1,1,3,4,4,2,4,2,2,2,2,3,2,2,2,4,3,2,2,2,2,3,Male,28,brown,single,3500,4,social_sciences_arts_education
13,2,3,3,3,3,5,5,5,5,4,4,3,4,4,4,5,5,4,5,3,5,4,3,5,5,4,4,1,2,2,4,1,2,1,1,1,1,1,1,1,4,4,4,5,5,1,5,5,5,2,3,3,4,4,3,3,5,3,4,3,Male,20,brown,single,2700,3,social_sciences_arts_education
14,1,4,4,4,3,1,1,4,5,5,5,5,5,3,5,5,5,5,5,3,4,2,4,3,1,3,1,1,3,3,1,1,7,1,3,1,1,1,5,1,4,5,5,2,5,4,5,5,4,4,2,2,2,3,3,2,5,2,3,3,Female,20,brown,single,2000,4,social_sciences_arts_education
15,3,5,5,3,4,5,4,4,5,4,5,3,4,3,4,5,4,2,3,2,4,4,4,4,3,4,1,1,2,1,1,1,1,1,1,4,6,4,4,4,4,5,4,4,2,2,3,3,2,3,3,4,3,4,2,3,5,4,4,3,Female,24,brown,single,2500,5,social_sciences_arts_education
16,3,4,4,4,5,4,4,5,5,5,5,5,3,3,5,5,5,3,4,3,3,3,4,3,3,4,1,1,1,1,1,1,1,1,1,1,1,1,3,1,5,4,5,2,3,2,4,3,2,4,3,4,4,4,4,3,4,3,4,3,Female,18,white,single,3000,5,social_sciences_arts_education
17,5,5,5,5,5,5,5,5,5,5,5,4,5,5,3,5,5,3,5,5,5,5,5,5,5,5,1,1,4,1,1,1,2,1,1,4,5,7,1,4,3,5,5,5,3,1,4,4,2,5,3,3,2,5,2,2,4,2,4,2,Male,27,white,single,6500,8,social_sciences_arts_education
18,5,5,5,4,5,5,5,5,5,5,5,5,4,2,5,5,5,5,5,5,2,3,3,3,3,5,1,1,1,1,1,1,2,1,1,1,2,2,1,1,2,5,4,5,4,1,2,2,1,2,3,2,4,5,5,3,2,3,3,4,Male,26,brown,single,5000,6,social_sciences_arts_education
19,5,5,5,5,3,5,5,5,5,5,5,5,5,5,5,5,5,1,4,2,5,5,5,5,5,5,1,1,1,2,1,2,1,1,1,1,1,1,1,1,3,4,5,4,3,2,3,3,2,3,3,3,4,3,3,4,4,4,4,4,Female,25,brown,single,1000,5,social_sciences_arts_education
20,4,4,4,5,5,4,5,5,5,4,4,4,4,4,5,5,4,1,3,2,3,4,5,4,4,4,1,1,1,1,1,1,3,1,2,1,1,1,1,1,3,4,4,5,3,2,4,4,2,2,3,4,5,4,4,4,4,4,4,4,Female,25,white,single,1000,4,social_sciences_arts_education
21,5,5,5,4,5,2,4,5,5,5,5,4,4,4,5,5,5,2,4,2,5,5,4,5,4,5,2,1,1,1,1,1,3,2,2,2,1,1,1,1,3,5,4,2,2,1,1,2,2,3,4,3,5,4,3,5,5,5,4,4,Female,22,brown,single,3500,4,social_sciences_arts_education
22,3,3,3,3,1,4,3,5,5,4,3,5,4,3,3,4,4,4,4,3,4,4,4,4,3,4,1,1,3,2,1,1,2,1,2,3,3,3,3,3,4,5,4,4,3,4,4,4,4,3,3,2,4,3,3,4,4,4,4,3,Female,21,brown,single,1000,2,social_sciences_arts_education
23,3,5,4,3,5,5,5,5,5,4,5,4,4,1,4,4,4,2,3,4,5,5,5,5,4,5,1,1,1,1,1,2,1,1,1,2,2,3,3,1,2,3,3,4,3,2,1,1,2,2,3,3,4,4,5,3,3,4,3,5,Male,18,brown,single,980,4,social_sciences_arts_education
24,4,4,5,4,5,5,4,4,5,5,5,4,5,4,5,5,5,3,4,2,5,5,5,5,3,2,1,1,1,1,1,1,1,1,1,1,1,1,4,1,5,5,5,5,3,2,5,4,4,4,3,3,4,5,4,3,5,2,3,4,Female,21,white,single,2000,2,social_sciences_arts_education
25,3,2,4,4,4,4,4,4,4,5,4,4,5,5,3,2,2,2,2,4,4,5,4,4,3,4,1,1,2,1,1,1,3,1,2,1,1,2,2,1,1,2,2,2,2,3,2,2,2,4,3,3,3,5,2,2,4,4,2,3,Male,19,white,single,2500,2,social_sciences_arts_education
26,4,5,3,2,4,3,2,5,5,4,4,3,4,3,2,2,2,1,3,1,4,4,4,4,3,4,1,1,1,1,1,1,1,1,1,1,1,1,1,1,3,2,2,3,2,2,3,1,2,2,3,3,4,4,3,4,4,3,3,4,Female,18,brown,single,1200,4,healthcare
27,2,3,3,2,2,5,3,4,5,4,3,4,4,2,3,4,4,3,5,3,4,4,4,4,3,4,1,1,3,4,1,1,7,1,1,1,1,1,1,1,2,3,5,3,2,2,4,2,4,1,2,2,3,4,2,3,2,3,3,4,Female,19,brown,single,2600,2,social_sciences_arts_education
28,4,5,4,4,4,5,5,5,5,5,4,5,2,2,4,3,3,2,2,2,5,5,4,5,5,5,1,1,1,2,1,1,1,1,1,2,1,1,1,1,4,2,3,2,2,1,4,2,4,2,4,4,4,5,5,3,5,3,3,4,Male,21,brown,single,900,4,social_sciences_arts_education
29,5,5,5,4,5,5,5,5,5,5,3,3,4,3,3,3,3,1,2,3,5,5,3,3,3,4,1,2,1,3,1,1,7,1,2,1,1,1,1,1,3,5,5,5,3,3,5,5,3,3,3,3,4,5,4,4,5,5,4,5,Female,20,white,single,900,1,social_sciences_arts_education
30,5,5,5,5,5,5,4,5,5,5,5,5,5,3,5,5,5,3,5,2,4,5,5,3,4,5,1,1,1,1,1,1,3,1,1,1,1,1,2,1,4,4,2,4,5,5,5,4,4,2,2,2,2,4,3,3,4,2,2,4,Female,20,brown,single,1250,4,social_sciences_arts_education
31,3,2,4,3,5,5,5,5,5,4,4,5,4,3,4,5,4,5,3,4,2,3,4,3,5,4,3,1,3,1,1,1,7,1,1,4,4,4,4,4,5,4,5,4,3,2,3,4,3,3,3,3,3,4,3,2,1,2,3,4,Female,19,brown,single,2000,4,social_sciences_arts_education
32,5,5,5,5,5,5,5,5,5,5,5,4,5,5,4,5,5,2,4,3,5,4,3,4,3,5,1,1,1,2,1,1,2,1,1,1,1,1,1,1,2,3,3,5,3,1,3,1,3,2,3,4,5,5,5,5,5,4,4,5,Male,18,asian,single,7000,5,social_sciences_arts_education
33,4,4,5,3,4,4,3,5,5,4,4,4,3,1,2,4,3,2,4,2,4,4,3,4,2,3,1,1,1,1,1,1,3,1,2,1,1,1,3,1,3,4,4,2,4,2,3,3,3,3,3,4,3,2,3,1,4,3,2,3,Female,19,brown,single,3000,3,social_sciences_arts_education
34,4,5,4,4,5,5,5,4,4,4,4,4,4,3,5,5,5,3,2,4,4,5,4,5,5,4,1,1,4,1,1,2,2,1,5,1,1,2,5,1,4,5,5,4,3,1,3,3,3,4,3,4,4,3,4,4,4,4,4,4,Male,24,black,single,1600,4,social_sciences_arts_education
35,2,3,3,3,3,5,5,4,4,4,4,3,4,5,3,4,5,2,5,3,5,2,3,3,4,5,2,2,1,1,1,1,2,1,1,1,1,1,4,1,4,4,4,4,5,2,4,4,3,4,2,2,2,4,2,3,3,1,3,3,Male,24,white,single,4000,4,social_sciences_arts_education
37,1,3,2,4,5,5,3,5,5,4,4,3,3,3,4,5,5,3,4,3,4,5,5,5,2,4,1,1,3,1,1,1,1,1,1,1,2,5,5,1,2,3,5,5,3,1,2,1,3,3,2,3,3,3,2,4,2,4,3,3,Female,18,brown,single,500,5,social_sciences_arts_education
38,4,5,5,4,5,4,3,5,5,4,4,4,5,4,5,5,4,1,3,3,3,5,3,5,5,4,1,1,1,1,1,1,2,1,2,1,3,1,1,1,3,3,3,2,3,2,2,2,3,2,3,3,4,4,5,3,3,3,3,4,Male,18,brown,single,1200,4,social_sciences_arts_education
39,3,3,4,4,3,5,4,5,5,5,5,3,5,5,5,5,5,5,5,4,5,5,5,5,5,5,1,1,1,1,1,1,1,1,1,1,1,1,2,1,4,4,5,5,2,2,3,3,2,3,3,3,5,4,3,3,4,3,4,3,Female,22,black,single,800,8,exact_ biological_sciences
40,5,5,5,5,3,5,5,5,5,5,5,5,4,4,5,5,5,5,5,3,4,3,5,4,3,5,1,1,1,1,1,1,1,1,1,1,1,1,1,1,4,4,5,5,5,3,3,4,4,5,3,3,4,5,3,3,3,3,5,3,Male,22,white,single,4000,4,exact_ biological_sciences
41,5,3,3,3,4,5,4,4,5,5,4,4,4,5,5,5,5,2,3,2,5,5,4,5,3,5,5,1,2,3,3,2,3,4,3,1,6,4,4,1,2,2,2,2,3,1,1,2,2,2,4,4,3,4,5,3,3,4,2,4,Male,24,brown,single,10000,5,exact_ biological_sciences
42,5,5,5,4,5,5,4,4,4,4,3,4,3,3,2,4,4,2,3,1,4,4,5,4,2,3,1,1,1,1,1,1,2,1,2,2,1,2,4,3,2,4,3,5,2,1,1,4,2,2,4,4,3,3,4,2,2,3,2,3,Male,21,brown,single,1800,4,social_sciences_arts_education
43,1,1,3,1,3,5,4,4,4,4,3,3,4,3,3,5,3,3,4,4,4,4,3,4,5,4,1,1,3,3,1,1,3,1,2,1,1,4,2,1,4,1,4,4,4,4,2,5,2,2,2,3,4,5,4,4,3,4,4,5,Male,19,white,single,5000,5,social_sciences_arts_education
44,4,4,4,3,4,5,1,5,5,5,4,5,4,1,5,5,5,4,3,2,5,5,5,5,3,4,1,1,1,1,1,1,2,1,1,1,1,1,1,1,4,2,5,4,5,5,4,5,2,2,4,4,5,5,4,4,5,5,5,4,Female,20,black,single,3000,3,social_sciences_arts_education
45,3,4,4,3,4,2,3,4,5,5,4,4,4,3,3,3,3,2,2,2,5,5,4,5,4,5,1,1,1,3,1,1,2,1,1,1,2,4,1,1,3,3,3,3,2,2,3,2,2,3,3,4,4,4,3,4,5,4,3,4,Male,21,black,single,4000,5,social_sciences_arts_education
46,5,5,5,3,5,5,5,4,5,4,5,4,5,5,4,2,2,1,1,2,5,5,5,5,5,5,1,1,1,1,1,1,1,1,1,1,1,1,1,1,3,5,4,1,3,4,2,5,1,3,4,4,5,5,3,4,5,4,5,4,Male,21,white,single,800,3,social_sciences_arts_education
47,5,4,5,4,1,5,3,4,5,5,4,5,3,4,3,5,3,2,2,2,5,5,5,5,4,5,1,3,3,1,2,1,4,1,4,2,4,2,5,2,4,1,3,5,2,2,4,1,3,2,5,5,5,5,5,5,5,5,5,5,Male,24,white,single,2000,4,social_sciences_arts_education
48,5,5,5,3,4,4,4,5,5,5,3,4,3,2,3,2,4,1,3,2,5,4,4,4,4,5,1,1,1,1,1,1,1,1,1,4,4,4,4,4,4,5,5,4,4,3,4,4,3,4,3,4,5,4,2,3,5,4,4,3,Female,23,white,single,3500,5,social_sciences_arts_education
49,4,5,4,5,4,5,4,4,5,4,4,3,4,2,4,4,4,2,5,3,3,5,5,4,2,4,1,1,3,1,1,1,1,1,5,1,1,1,1,1,3,2,5,4,5,3,4,4,2,4,2,2,2,2,3,2,2,4,2,3,Female,21,black,single,998,2,social_sciences_arts_education
50,2,2,1,1,1,3,3,5,5,5,4,5,2,3,3,2,3,3,2,2,5,2,3,2,3,5,1,1,7,1,1,1,2,1,1,1,1,3,1,1,2,2,3,1,5,4,2,4,2,2,4,5,5,5,3,5,5,5,5,5,Male,21,white,single,5000,5,social_sciences_arts_education
51,4,5,5,5,4,5,4,5,4,4,4,3,4,5,3,5,5,2,5,3,5,4,3,4,2,3,1,1,1,1,1,1,1,1,1,4,1,1,4,4,4,4,5,3,4,4,2,4,1,2,2,3,2,3,3,2,3,2,3,4,Female,21,white,single,3000,4,social_sciences_arts_education
52,2,2,3,2,3,4,2,5,4,5,4,3,4,3,3,5,3,3,4,3,4,4,3,4,2,3,2,1,1,1,1,1,2,1,1,2,1,2,1,4,2,4,5,4,5,3,2,3,1,3,3,3,5,3,3,3,2,4,3,4,Male,23,white,single,4000,2,healthcare
54,2,5,5,3,5,5,5,3,5,4,4,3,4,4,4,5,4,2,4,3,1,4,3,2,2,3,1,1,1,1,1,1,7,1,4,4,1,1,5,4,5,5,5,5,5,5,5,5,2,3,2,2,3,3,4,2,3,2,2,4,Female,20,black,single,1220,1,healthcare
55,5,5,5,3,5,4,4,5,5,4,4,4,4,5,4,3,3,1,2,2,5,4,4,4,3,4,1,1,1,1,1,1,1,1,5,1,1,1,1,1,3,4,4,4,3,4,4,4,4,4,2,2,3,4,2,3,3,3,3,3,Female,20,white,single,500,4,social_sciences_arts_education
56,1,4,4,4,5,5,4,5,5,4,4,4,4,5,4,4,4,2,3,3,5,4,5,4,4,4,1,1,2,4,1,1,2,1,3,1,2,3,2,1,2,3,4,5,2,1,3,2,2,2,3,3,4,4,4,4,4,4,3,5,Female,25,black,single,4000,6,social_sciences_arts_education
57,4,4,5,3,2,4,4,5,4,5,4,4,4,3,5,5,5,4,4,4,4,4,5,4,4,4,1,2,5,1,1,1,3,1,1,3,3,1,1,1,4,5,5,3,3,1,4,3,4,2,3,4,4,4,4,4,4,5,4,4,Male,20,black,single,1500,4,exact_ biological_sciences
58,2,4,5,4,2,5,4,5,5,5,5,5,5,5,5,5,5,3,3,5,5,5,5,5,4,5,1,4,5,2,1,1,3,1,1,1,1,7,4,1,5,4,4,5,5,5,5,5,5,3,3,3,5,5,5,5,5,5,5,5,Female,20,brown,single,1014,3,exact_ biological_sciences
59,5,3,3,2,3,3,3,4,4,4,3,4,3,1,3,5,3,2,1,2,4,5,4,5,1,3,1,1,3,1,1,1,2,1,6,1,1,5,2,1,2,5,4,2,1,1,4,1,2,2,4,3,4,5,3,5,4,5,4,5,Female,19,brown,single,2500,4,exact_ biological_sciences
60,3,4,4,4,5,5,5,3,5,5,4,3,4,4,5,5,5,1,5,2,5,5,5,5,3,4,6,5,2,6,1,2,2,1,3,4,5,7,5,2,3,4,5,5,4,2,3,4,2,2,4,5,5,5,4,4,4,5,5,5,Female,22,brown,single,2500,5,exact_ biological_sciences
61,5,5,5,5,5,3,5,5,5,5,5,5,5,3,5,3,4,2,3,1,5,5,5,5,5,5,1,1,1,2,1,2,1,1,1,1,1,6,1,1,2,5,5,3,3,1,3,2,5,3,3,4,5,5,4,5,5,5,5,3,Female,23,white,single,1000,4,exact_ biological_sciences
62,5,5,4,5,4,3,4,4,5,4,4,5,3,3,3,4,4,1,4,4,5,4,3,3,3,4,1,2,1,2,1,1,2,1,2,2,3,1,1,2,2,4,5,4,3,2,2,3,2,3,3,3,3,2,2,4,5,4,3,3,Female,32,white,married_partnered,2500,2,exact_ biological_sciences
63,5,4,5,5,4,4,4,4,4,4,4,4,3,2,5,5,4,2,3,2,4,4,4,4,3,4,1,1,1,1,1,1,1,1,1,1,1,1,1,1,4,2,3,2,4,2,2,3,2,2,3,4,4,4,4,4,5,4,4,4,Male,20,white,single,4000,5,exact_ biological_sciences
64,3,4,5,2,5,5,4,4,5,4,4,4,4,4,2,3,4,3,5,1,4,4,3,4,1,4,1,1,1,1,1,1,7,1,1,1,1,1,1,1,4,2,3,4,3,3,2,4,2,3,3,4,3,5,4,4,4,5,4,4,Female,22,brown,single,4000,5,exact_ biological_sciences
65,4,5,5,5,5,5,5,5,5,5,5,5,5,5,5,5,5,4,4,3,3,4,3,4,3,5,1,1,4,1,1,1,1,1,2,3,4,4,5,2,5,4,5,5,5,4,5,5,4,5,1,1,5,4,3,3,5,3,5,4,Female,20,white,single,1500,5,exact_ biological_sciences
66,2,3,4,4,4,5,5,5,5,5,5,5,4,5,4,4,5,2,3,4,5,5,5,5,4,4,4,4,4,1,1,3,4,1,1,1,1,4,4,1,2,3,4,3,2,3,3,2,2,2,3,3,4,3,4,5,4,4,4,5,Female,26,black,single,1800,5,exact_ biological_sciences
67,5,3,2,4,3,3,1,5,5,3,5,5,4,1,2,3,1,1,2,2,5,5,3,5,3,5,7,5,7,4,2,5,2,5,3,4,4,1,4,1,2,3,2,4,3,4,2,4,1,2,5,5,5,5,4,5,2,5,5,4,Male,25,white,single,1996,4,exact_ biological_sciences
68,3,3,4,1,1,3,3,5,5,5,5,5,4,3,5,5,5,1,1,1,5,4,5,5,5,5,1,1,1,1,1,7,4,1,1,1,7,7,1,1,3,5,5,5,3,5,1,4,1,2,4,5,5,5,5,5,5,5,5,4,Male,20,black,single,2500,2,exact_ biological_sciences
69,3,3,3,2,3,4,3,4,4,4,4,4,4,2,2,3,3,3,3,3,4,4,4,4,4,4,2,2,4,4,4,4,4,1,2,4,4,2,4,4,3,3,3,4,2,3,3,3,3,4,3,3,4,4,4,3,4,3,3,3,Female,20,white,single,1800,3,social_sciences_arts_education
70,3,4,4,3,3,4,4,5,5,5,5,5,5,3,5,5,4,2,3,2,4,5,5,5,3,4,1,1,2,1,1,2,1,1,3,3,4,4,5,3,4,4,4,5,2,2,2,3,3,4,3,4,4,4,3,3,4,3,4,3,Male,19,brown,single,400,1,exact_ biological_sciences
71,4,4,4,4,5,5,5,5,4,4,4,3,4,4,5,4,4,3,4,2,4,2,2,3,4,4,1,1,3,1,1,1,3,1,1,1,1,1,1,1,5,3,4,5,5,4,5,5,4,3,3,3,2,2,4,3,5,3,3,3,Male,23,brown,single,1500,3,social_sciences_arts_education
72,2,3,3,5,5,5,2,5,4,4,3,3,3,3,4,5,5,1,2,2,1,3,2,2,2,3,1,1,2,2,1,6,1,1,1,2,4,1,7,1,5,4,2,5,2,1,4,5,1,3,1,3,2,3,1,2,1,1,2,3,Female,21,black,single,3000,6,exact_ biological_sciences
73,1,5,4,3,5,5,3,5,5,5,5,5,4,4,5,5,5,3,3,4,4,4,4,4,3,4,1,1,1,1,1,1,1,1,1,1,1,1,1,1,3,5,5,4,4,3,4,2,2,3,3,3,4,4,4,3,4,3,2,2,Male,32,white,single,7380,3,social_sciences_arts_education
74,4,4,3,3,5,5,3,5,5,5,5,4,5,3,3,1,3,1,3,2,4,3,4,5,3,4,1,1,1,1,1,1,2,1,1,4,1,1,4,4,2,3,3,1,3,5,1,4,1,1,3,4,4,4,4,4,4,5,4,4,Female,19,brown,single,998,2,social_sciences_arts_education
75,4,4,3,3,4,5,5,5,5,4,5,4,5,5,5,5,5,5,5,3,4,5,5,4,3,4,1,1,1,1,1,1,2,1,1,1,1,4,1,1,4,5,5,3,4,2,4,3,5,4,2,3,5,3,2,5,5,5,5,5,Female,23,asian,married_partnered,1300,2,social_sciences_arts_education
76,2,4,4,4,3,4,4,5,5,5,5,4,4,4,3,4,3,2,3,2,5,5,4,5,3,4,1,1,4,1,1,1,3,4,3,2,2,4,3,2,2,4,4,5,4,2,3,1,3,3,2,3,4,4,4,3,4,3,4,4,Female,25,brown,single,212,6,social_sciences_arts_education
77,4,4,5,2,3,5,5,2,4,4,3,3,2,1,3,2,3,2,1,2,4,5,5,5,5,4,1,1,2,1,1,1,3,1,3,4,4,6,6,3,2,5,3,1,1,1,1,2,1,2,3,4,2,5,5,3,3,3,2,4,Male,20,indigenous,single,4000,5,exact_ biological_sciences
78,2,3,1,1,1,3,3,3,3,2,3,3,1,1,4,1,2,1,3,1,3,4,2,4,3,4,3,3,4,3,2,2,4,2,3,5,6,7,7,5,2,3,3,4,4,5,4,5,1,2,4,4,4,3,5,4,5,3,5,3,Male,19,white,single,2000,3,exact_ biological_sciences
79,5,5,5,5,5,5,5,5,5,5,4,4,5,5,4,4,4,4,5,4,5,5,5,5,5,5,1,1,1,1,1,1,1,1,1,1,1,1,1,1,3,3,2,4,1,1,1,1,1,1,4,4,4,5,5,4,5,4,4,4,Female,20,brown,single,3500,4,social_sciences_arts_education
80,4,5,4,5,5,5,4,4,4,4,4,4,4,5,4,1,3,2,3,3,4,5,5,5,4,5,1,1,1,1,1,1,1,1,1,2,2,4,3,2,5,3,3,3,3,3,3,3,3,4,2,2,3,4,3,3,4,3,2,3,Male,21,white,single,2700,4,social_sciences_arts_education
81,5,5,5,5,5,5,5,5,5,5,5,5,4,4,5,2,2,1,4,3,5,5,5,5,5,5,1,1,1,3,2,1,1,1,2,4,4,6,4,4,1,2,2,2,3,3,3,2,1,1,5,5,5,5,4,5,5,5,5,5,Female,21,white,single,3000,5,healthcare
82,2,2,2,2,4,5,5,5,4,3,3,4,4,1,2,2,2,1,3,1,5,5,5,5,4,5,1,1,1,1,1,1,1,1,1,3,3,5,3,3,1,5,4,5,5,4,3,4,3,3,4,4,5,4,2,2,4,3,4,2,Female,25,brown,married_partnered,1800,2,healthcare
83,1,1,5,1,3,5,5,3,5,5,5,3,5,5,3,3,3,5,5,3,5,3,5,3,3,5,1,6,7,7,4,4,7,1,7,7,7,1,1,1,3,5,3,5,3,1,3,3,1,1,3,3,5,5,5,1,5,5,3,3,Male,24,white,single,3000,4,healthcare
85,2,3,4,5,3,3,5,5,5,5,5,5,4,3,3,5,4,2,5,5,5,4,5,4,4,5,1,1,1,1,1,1,3,1,1,4,4,4,4,4,4,5,5,5,4,3,4,4,4,5,2,2,2,3,3,3,5,3,3,3,Male,20,white,single,900,3,social_sciences_arts_education
86,3,4,4,4,1,5,4,5,5,5,5,3,5,4,5,5,5,4,5,3,5,3,3,4,2,5,1,1,2,1,1,1,2,1,1,1,1,1,1,1,4,2,1,1,5,4,5,4,1,2,4,3,4,5,5,3,2,5,3,4,Female,18,white,single,8000,3,social_sciences_arts_education
87,3,3,5,5,4,5,4,5,5,5,5,5,5,5,4,5,4,3,4,5,4,4,4,4,4,4,1,1,1,2,1,1,2,1,5,3,1,1,1,1,4,5,5,4,4,3,5,4,4,4,3,4,4,3,3,4,4,4,4,3,Female,23,white,single,1300,5,healthcare
88,4,3,3,4,4,4,4,4,5,4,4,4,3,1,3,3,3,2,1,2,5,5,5,5,1,4,1,1,5,1,1,1,2,1,1,4,4,3,4,4,2,3,3,3,2,3,2,2,2,2,3,4,4,4,3,4,4,4,4,4,Female,20,white,single,2000,4,social_sciences_arts_education
89,3,3,3,3,5,3,4,4,4,4,4,3,4,4,5,5,5,4,3,3,4,4,2,4,2,4,1,2,2,3,1,4,1,1,1,4,1,7,7,3,3,5,5,5,3,2,2,5,3,3,2,2,4,4,4,2,2,1,3,3,Female,18,brown,single,5000,4,healthcare
90,3,3,3,3,5,3,4,4,4,4,4,3,4,4,5,5,5,4,3,3,4,4,2,4,2,4,1,2,2,3,1,4,1,1,1,4,1,7,7,3,3,5,5,5,3,2,2,5,3,3,2,2,4,4,4,2,2,1,3,3,Female,18,brown,single,5000,4,healthcare
91,3,5,5,3,2,5,4,4,5,5,5,4,5,5,5,5,5,3,5,3,5,5,5,4,4,4,1,3,1,1,1,1,1,1,1,5,5,4,5,3,4,5,5,5,2,2,5,2,4,4,3,2,3,4,4,3,4,3,3,3,Male,25,brown,single,1500,4,exact_ biological_sciences
93,5,3,3,1,3,5,3,5,5,5,3,5,3,3,1,1,3,1,5,3,5,5,5,5,1,5,1,1,3,4,1,1,2,1,3,1,1,1,1,1,5,5,5,4,4,3,3,5,1,3,1,5,5,5,5,3,5,3,4,4,Female,24,brown,single,3000,5,exact_ biological_sciences
94,5,5,5,4,5,5,5,5,5,5,5,5,5,5,5,4,3,1,4,2,3,5,4,5,5,5,6,5,6,2,1,2,4,1,2,1,1,1,1,1,2,5,2,4,4,1,1,1,1,1,4,4,5,5,5,4,5,5,5,5,Male,20,brown,single,700,3,exact_ biological_sciences
95,5,5,4,3,5,4,4,5,5,5,4,3,5,4,5,4,3,1,3,1,5,5,4,5,4,5,1,1,2,1,1,1,1,1,1,1,1,1,1,1,4,5,5,1,1,1,1,3,1,1,4,3,5,3,5,5,4,5,3,5,Female,22,brown,single,4000,4,social_sciences_arts_education
96,4,3,2,3,3,2,3,4,5,4,3,4,2,1,2,2,2,4,2,2,3,5,4,4,1,4,5,2,3,2,3,1,5,6,2,1,2,2,1,1,1,4,4,3,2,2,3,2,3,2,3,3,4,5,3,3,5,5,5,3,Male,22,white,single,2000,4,exact_ biological_sciences
97,4,5,5,5,5,5,5,4,5,5,4,4,3,4,5,5,5,2,3,2,5,3,5,5,4,5,2,1,1,1,1,1,1,1,1,1,1,4,2,1,4,3,5,5,4,2,2,5,1,1,2,3,3,4,4,4,3,3,4,4,Female,21,white,single,600,3,social_sciences_arts_education
98,3,2,2,3,3,2,4,2,4,5,4,5,4,2,4,4,3,2,2,3,4,5,5,4,3,4,1,1,1,1,4,3,1,4,4,1,1,1,1,1,3,2,3,3,1,3,1,2,3,2,3,3,4,5,4,4,4,3,3,4,Female,22,brown,married_partnered,1000,2,social_sciences_arts_education
99,3,5,5,5,5,5,5,4,5,5,4,4,4,5,4,4,5,2,2,3,4,3,4,3,4,4,1,1,2,1,1,1,1,1,1,2,2,7,4,1,2,5,5,5,5,2,4,4,2,2,3,3,4,5,5,4,4,5,4,4,Male,21,brown,single,800,4,social_sciences_arts_education
100,1,4,4,4,4,5,5,4,5,5,5,4,5,5,3,5,5,1,4,2,5,5,4,4,5,5,1,1,3,1,1,1,2,1,1,5,3,5,4,4,5,5,5,5,2,1,1,4,1,2,3,3,5,5,5,4,3,5,5,4,Female,19,white,single,1500,6,healthcare
101,1,5,5,5,5,5,5,4,5,5,5,5,3,3,4,5,5,1,3,1,5,5,5,5,5,5,1,1,3,1,1,1,1,1,1,1,2,4,1,1,3,4,3,3,3,2,4,2,2,4,3,2,3,4,4,3,5,3,2,2,Female,23,white,single,4000,4,social_sciences_arts_education
103,3,3,4,2,2,4,4,3,3,3,4,5,4,3,5,4,5,2,4,4,5,5,5,5,5,5,4,3,3,4,4,7,3,1,7,1,4,7,7,1,5,3,4,3,4,4,2,5,1,4,3,4,5,2,3,3,3,3,5,2,Male,19,white,single,5000,3,exact_ biological_sciences
104,2,4,3,3,3,5,5,4,5,5,4,4,4,3,3,4,5,2,5,4,4,5,3,4,5,4,1,1,3,1,1,1,7,1,1,1,1,1,3,1,5,5,5,3,3,1,3,4,5,2,1,2,2,1,2,1,4,1,2,3,Male,21,brown,single,17000,5,social_sciences_arts_education
105,3,4,5,3,4,3,4,4,5,4,4,4,4,3,4,4,4,3,3,3,4,5,5,4,2,3,2,3,4,4,2,1,4,1,2,3,5,6,3,3,3,3,4,4,3,3,4,3,3,4,3,4,4,4,3,4,4,3,3,3,Male,21,brown,single,950,4,exact_ biological_sciences
106,3,3,2,1,2,2,3,4,1,3,3,3,3,3,4,5,4,4,3,4,2,4,4,4,3,4,2,5,4,5,2,4,4,1,4,2,3,3,3,3,3,3,3,5,2,2,2,2,1,3,2,2,4,5,4,2,4,3,2,4,Male,21,brown,single,2300,4,exact_ biological_sciences
107,3,3,2,2,4,4,3,5,5,4,3,4,1,3,1,3,4,1,3,1,5,5,3,5,5,4,1,1,2,7,1,1,4,1,2,4,4,7,7,4,3,3,4,3,2,1,2,1,1,2,3,4,4,5,4,5,5,5,4,5,Male,24,white,single,1996,5,exact_ biological_sciences
108,1,5,5,3,5,4,1,4,4,3,4,4,4,1,1,4,4,3,1,1,5,5,4,5,1,4,4,1,1,4,1,1,1,1,1,1,1,4,6,1,2,5,4,5,3,5,3,4,3,1,5,5,5,5,5,5,5,5,4,5,Male,23,white,single,3000,5,exact_ biological_sciences
109,4,5,5,4,4,5,4,5,5,5,4,4,5,4,5,5,4,3,4,2,4,4,4,5,4,5,4,4,5,4,4,1,6,3,7,1,3,1,6,1,2,3,4,1,3,1,2,2,1,2,5,5,5,5,5,5,5,5,5,5,Male,22,white,single,10000,5,exact_ biological_sciences
110,4,5,5,4,4,5,4,5,5,5,4,4,5,4,5,5,4,3,4,2,4,4,4,5,4,5,4,4,5,4,4,1,6,3,7,1,3,1,6,1,2,3,4,1,3,1,2,2,1,2,5,5,5,5,5,5,5,5,5,5,Male,22,white,single,10000,5,exact_ biological_sciences
111,4,5,5,4,4,5,4,5,5,5,4,4,5,4,5,5,4,3,4,2,4,4,4,5,4,5,4,4,5,4,4,1,6,3,7,1,3,1,6,1,2,3,4,1,3,1,2,2,1,2,5,5,5,5,5,5,5,5,5,5,Male,22,white,single,10000,5,exact_ biological_sciences
112,4,3,5,3,4,2,2,4,5,3,3,3,1,2,4,5,5,1,2,3,3,4,5,4,4,5,1,1,1,1,1,1,1,1,1,1,1,1,1,1,3,4,2,5,2,1,3,1,2,3,1,3,5,2,4,4,2,2,3,3,Male,18,brown,single,1700,2,exact_ biological_sciences
113,3,4,4,3,5,4,3,4,4,4,4,3,4,3,5,5,4,2,4,3,4,4,4,4,4,4,1,1,2,1,1,1,1,1,1,4,4,4,4,4,4,4,4,5,3,2,3,2,4,4,2,2,4,4,2,2,2,4,3,3,Male,25,white,single,4000,5,social_sciences_arts_education
114,3,5,5,4,5,5,5,4,5,5,4,4,4,2,4,3,3,2,2,3,4,4,4,4,4,4,1,1,1,1,1,1,7,1,3,1,1,3,2,1,3,5,5,2,2,3,4,2,4,3,2,3,3,3,4,4,5,3,3,4,Male,19,white,single,1800,4,healthcare
115,1,5,4,3,5,5,5,5,5,5,4,4,5,5,5,5,5,3,5,4,5,3,5,4,4,5,1,1,2,2,1,1,1,1,2,1,1,3,1,1,5,5,5,2,4,2,2,2,2,4,2,1,2,3,2,1,2,1,2,2,Female,18,asian,single,3000,3,healthcare
116,1,2,5,3,4,4,3,5,5,5,5,4,4,5,3,3,4,5,3,1,5,5,5,5,5,5,1,4,2,2,1,1,3,1,1,1,1,7,1,1,1,4,5,2,1,1,1,1,3,4,2,3,5,4,3,2,5,3,4,3,Male,21,black,single,2000,4,exact_ biological_sciences
117,5,5,5,4,4,4,5,5,5,5,5,4,4,4,5,5,5,4,4,4,5,4,3,4,2,4,1,1,3,1,1,1,1,1,1,2,3,2,4,2,5,5,5,3,4,2,4,4,4,4,4,4,4,4,4,4,4,4,4,5,Male,21,white,single,954,6,social_sciences_arts_education
118,2,2,2,4,4,5,2,4,5,3,3,4,4,1,5,4,4,3,5,4,4,3,4,3,3,5,2,2,1,6,1,1,2,1,2,3,2,2,3,2,4,5,5,2,3,2,4,5,4,4,3,4,4,4,4,3,4,4,4,3,Male,23,brown,single,400,1,social_sciences_arts_education
119,3,5,4,4,5,5,4,5,5,5,5,5,4,4,4,5,5,1,4,2,4,5,5,4,3,5,1,1,1,1,1,1,1,1,1,1,1,1,1,1,2,4,3,5,2,1,2,3,5,5,2,2,4,4,3,2,3,3,3,2,Female,24,brown,single,980,5,social_sciences_arts_education
120,5,5,5,5,5,5,5,5,5,5,5,5,5,5,5,5,5,2,5,3,5,5,4,5,3,5,1,1,2,1,1,1,1,1,3,1,1,1,2,1,4,5,5,4,2,1,5,3,4,5,2,2,4,3,2,4,5,3,3,2,Female,18,white,single,434,3,social_sciences_arts_education
122,1,5,5,5,5,4,3,3,5,4,3,5,4,3,5,4,5,5,4,3,4,5,4,5,3,3,1,1,1,1,1,1,1,1,1,1,1,4,1,1,3,4,4,4,2,2,4,2,1,1,3,3,5,5,5,3,2,4,3,4,Female,22,brown,single,900,2,social_sciences_arts_education
123,4,5,5,4,4,5,5,4,5,5,5,3,5,3,5,4,5,3,5,4,5,5,4,4,5,5,5,2,4,4,3,4,2,2,2,2,2,2,2,2,3,3,2,5,1,1,3,1,3,3,2,3,4,5,2,2,4,2,3,2,Female,18,black,single,3000,4,social_sciences_arts_education
124,3,5,4,2,4,5,3,5,5,5,4,5,3,4,4,3,3,2,3,3,5,4,5,4,4,5,1,1,1,1,1,1,3,1,1,1,1,7,1,1,4,5,5,5,3,3,5,3,3,3,2,2,4,5,5,2,3,3,2,4,Female,23,black,single,500,1,social_sciences_arts_education
125,3,3,3,3,3,4,3,3,4,4,4,4,4,3,4,3,4,3,5,4,4,4,4,4,4,4,1,1,2,1,1,1,2,1,1,1,1,1,1,1,4,5,5,3,2,1,5,2,4,4,2,2,3,4,2,2,5,2,2,2,Female,22,black,single,998,4,social_sciences_arts_education
126,3,5,5,4,5,3,4,5,5,5,5,5,5,4,4,5,5,1,3,2,5,5,4,5,3,5,1,1,1,1,1,1,1,1,1,1,1,1,1,1,4,4,5,3,3,3,4,3,4,3,2,2,4,3,2,3,4,4,2,4,Female,21,white,single,650,4,social_sciences_arts_education
127,4,4,3,3,2,5,3,4,4,4,4,3,2,2,4,5,3,2,3,3,4,4,5,4,3,5,6,5,2,7,3,2,3,5,3,4,2,4,3,3,3,5,5,5,4,2,5,4,4,5,2,3,2,2,2,3,4,2,3,2,Male,19,brown,single,2000,1,exact_ biological_sciences
128,2,5,5,5,5,5,5,5,5,5,4,5,3,3,4,5,5,1,3,3,5,5,4,5,5,5,4,1,2,3,4,6,6,1,3,7,5,6,4,4,4,3,2,4,2,1,2,2,2,3,3,4,4,4,2,4,5,5,5,5,Male,19,brown,single,3500,5,exact_ biological_sciences
129,3,3,4,3,2,5,5,5,5,4,4,4,4,4,5,4,5,1,3,3,4,5,5,5,3,5,5,4,4,6,4,2,5,7,7,4,4,2,5,1,4,4,5,4,1,1,2,3,3,5,5,4,5,5,5,5,2,4,5,5,Male,18,brown,single,1800,5,exact_ biological_sciences
130,4,4,5,5,5,3,4,5,5,5,5,5,5,5,5,5,4,2,4,3,5,5,5,5,5,5,1,1,2,2,1,1,3,1,1,3,1,4,3,3,2,4,4,2,3,1,1,3,2,2,4,4,4,4,4,4,3,3,4,5,Female,18,white,single,1000,4,exact_ biological_sciences
131,1,5,4,1,5,5,5,3,5,5,2,3,1,1,1,2,1,1,1,1,4,5,3,4,5,5,1,1,6,1,4,7,1,1,1,1,1,7,7,1,5,3,5,5,5,1,4,3,5,3,1,1,4,3,5,5,4,3,4,4,Male,18,white,single,1900,4,exact_ biological_sciences
132,5,5,5,4,5,4,4,5,5,4,4,3,5,4,5,4,4,1,4,2,5,4,4,4,4,5,1,1,1,1,1,1,2,1,1,3,2,4,4,3,3,3,5,3,3,1,2,1,3,3,4,3,3,5,3,3,4,4,4,4,Female,21,white,single,350,1,exact_ biological_sciences
133,5,5,5,5,5,5,4,4,5,4,4,3,3,3,4,4,4,3,3,4,5,4,4,4,4,4,1,1,3,2,2,2,2,1,1,2,3,2,3,2,4,5,5,3,3,2,4,3,3,4,3,5,3,3,3,2,5,3,4,3,Female,19,brown,single,2600,3,exact_ biological_sciences
134,3,4,4,4,4,5,5,5,5,5,5,5,5,3,4,4,5,1,3,1,5,5,5,5,5,5,1,1,2,1,1,1,1,1,1,4,1,1,7,4,4,5,5,1,4,1,2,4,1,2,4,3,4,3,3,4,5,5,3,4,Female,18,brown,single,800,2,social_sciences_arts_education
135,2,5,3,3,5,3,5,3,5,4,3,4,3,2,3,4,4,1,4,3,4,4,5,5,4,4,1,1,1,1,1,1,1,1,1,1,1,1,1,1,2,3,2,4,3,3,2,3,2,2,3,4,2,4,4,5,4,3,4,4,Female,27,brown,single,2500,4,healthcare
136,1,3,4,1,2,5,2,3,5,5,5,4,5,3,4,5,4,1,5,1,5,3,5,2,3,4,1,1,1,1,1,1,3,1,1,1,1,1,1,1,4,5,4,5,5,4,4,4,3,3,1,5,4,4,4,4,5,4,3,4,Female,23,brown,single,2900,4,healthcare
137,4,5,5,5,5,5,5,4,4,4,5,4,5,4,4,5,5,2,4,2,3,3,3,3,3,4,1,1,1,1,1,1,1,1,1,1,1,1,1,1,3,5,5,5,5,5,5,5,4,4,3,2,2,4,3,1,5,3,4,3,Female,18,white,single,6000,3,social_sciences_arts_education
138,5,5,4,5,5,5,5,4,5,4,5,5,5,4,5,5,5,3,5,4,5,4,5,4,4,4,1,1,1,1,1,1,4,1,1,1,1,1,1,1,4,5,5,5,5,4,4,5,4,4,3,4,4,5,4,4,3,4,4,4,Female,21,black,single,4000,3,social_sciences_arts_education
139,2,1,1,1,1,4,5,4,4,5,4,2,3,2,1,3,4,2,2,2,4,5,5,5,5,5,2,1,1,2,1,1,5,1,2,1,1,4,1,1,2,3,4,4,3,3,3,3,4,2,4,5,4,5,3,4,3,4,4,4,Male,21,brown,single,3000,3,healthcare
140,5,5,5,4,5,5,4,4,5,5,3,3,4,2,4,4,2,1,2,2,5,5,3,5,4,5,1,1,1,1,1,1,1,1,1,1,1,1,1,1,2,3,3,4,3,3,3,3,2,2,2,4,2,5,5,4,4,4,3,3,Female,21,white,single,4000,4,social_sciences_arts_education
141,5,5,5,5,5,5,5,5,5,5,5,5,5,5,5,5,5,5,5,5,5,5,4,5,5,5,1,1,1,1,1,1,1,1,1,1,1,1,1,1,4,5,5,5,3,4,4,4,2,4,3,4,4,5,4,5,5,4,4,4,Female,57,brown,single,4500,3,social_sciences_arts_education
142,3,3,3,3,4,3,4,4,4,4,4,4,4,3,4,4,4,3,3,4,4,4,4,4,3,4,1,1,1,1,1,1,1,1,1,1,1,1,1,1,3,3,4,4,2,1,2,2,2,2,2,3,4,4,3,4,3,4,3,3,Male,20,white,single,1800,4,social_sciences_arts_education
143,3,4,4,3,4,3,3,4,4,4,3,3,4,3,3,3,4,2,3,1,4,3,4,3,3,4,1,2,2,2,1,2,2,1,1,2,3,2,3,2,3,4,4,3,3,2,2,2,2,2,3,3,4,4,3,4,3,4,3,3,Female,32,black,single,3000,6,healthcare
144,4,4,4,3,4,5,5,5,5,5,4,4,5,3,5,5,5,2,5,2,5,4,5,5,4,5,1,1,1,1,1,1,1,1,1,1,2,4,2,1,4,4,5,5,2,2,4,2,2,3,2,3,4,5,2,3,4,3,3,3,Female,20,brown,single,9000,4,social_sciences_arts_education
145,4,5,5,3,4,5,5,5,5,5,5,4,5,5,5,5,5,3,5,4,5,4,4,5,5,5,1,1,1,1,1,1,1,1,1,1,1,1,1,1,5,5,5,5,3,4,5,4,2,4,1,1,2,3,2,1,3,2,1,2,Female,22,white,single,2000,4,social_sciences_arts_education
146,2,4,5,4,4,5,5,5,5,5,5,4,4,4,5,5,5,2,5,4,3,3,3,4,4,5,1,1,1,1,1,1,1,1,1,1,1,1,1,1,4,3,5,4,4,4,5,5,2,2,3,3,4,5,4,4,3,4,4,4,Female,20,black,single,10000,4,social_sciences_arts_education
147,4,5,5,5,5,4,5,5,5,4,4,3,5,3,3,4,4,2,2,2,5,5,3,5,5,5,1,1,1,1,1,1,1,1,2,1,1,1,4,1,3,3,4,4,4,3,3,4,1,3,2,3,3,4,4,3,5,4,4,5,Female,27,black,married_partnered,4000,1,social_sciences_arts_education
148,3,3,3,3,5,5,5,4,5,4,4,4,4,4,4,5,4,1,3,5,5,5,5,5,5,5,2,2,2,2,1,1,2,1,4,1,1,7,1,1,3,3,5,3,2,2,3,2,4,1,4,5,5,5,5,5,5,5,4,4,Male,27,brown,single,2600,1,social_sciences_arts_education
149,3,4,5,3,4,5,4,5,5,4,5,4,5,3,3,4,4,3,5,3,4,5,4,5,2,4,1,5,6,1,1,1,2,1,5,1,4,1,1,1,4,5,5,5,4,5,5,5,5,5,2,2,3,4,2,3,5,2,2,2,Female,20,brown,single,4000,5,social_sciences_arts_education
150,4,4,5,4,4,5,5,5,5,5,5,5,4,5,5,4,5,2,3,5,5,5,5,5,5,5,2,1,1,1,2,1,1,1,1,1,1,2,1,1,3,5,3,5,3,2,2,3,4,4,2,4,4,5,3,4,5,3,4,2,Male,27,white,single,10000,5,social_sciences_arts_education
151,4,5,5,4,5,5,5,4,5,5,5,4,4,5,4,5,5,4,5,3,4,5,4,4,5,5,1,1,1,1,1,1,1,1,1,1,2,1,3,1,5,4,5,4,5,1,5,2,2,3,2,2,1,5,4,4,4,3,1,5,Female,19,brown,single,5000,4,social_sciences_arts_education
152,1,3,3,3,4,3,3,4,5,4,4,4,4,4,5,4,3,3,3,3,3,3,3,3,3,4,1,3,1,4,1,1,4,1,3,1,1,1,3,1,2,5,3,1,3,3,2,3,2,4,2,2,2,2,2,3,4,2,3,2,Female,29,brown,single,3000,4,social_sciences_arts_education
153,3,4,4,4,4,5,2,5,5,4,3,4,4,4,5,5,5,2,4,3,4,4,3,4,4,3,1,1,2,1,1,1,1,1,1,1,1,1,1,1,3,4,4,4,3,2,2,3,2,3,4,3,3,4,4,4,4,4,3,4,Female,20,brown,single,4000,5,social_sciences_arts_education
154,4,4,4,4,5,3,5,5,5,4,5,5,5,5,4,4,4,2,5,2,5,2,3,4,4,5,1,1,2,1,1,1,1,1,2,1,4,1,1,1,2,3,2,5,5,3,5,5,4,4,4,4,3,4,5,5,5,3,3,3,Female,18,white,single,4317,2,social_sciences_arts_education
155,4,3,5,4,5,5,5,5,4,5,5,4,2,2,5,5,5,4,5,3,5,1,5,2,1,5,1,1,1,5,1,1,1,1,2,1,1,5,5,1,5,4,5,2,5,4,5,5,5,3,3,3,4,5,4,5,5,5,3,3,Female,19,asian,single,1500,5,healthcare
156,5,5,5,5,5,5,5,4,4,5,5,5,5,2,4,5,5,1,4,2,4,5,5,5,4,5,1,1,1,1,1,1,1,1,1,1,5,1,1,1,4,5,5,5,5,1,2,4,4,3,3,4,4,4,3,4,3,4,4,4,Female,21,asian,single,2000,5,social_sciences_arts_education
157,3,4,3,2,5,5,5,5,5,5,4,5,3,4,4,5,4,2,4,1,4,3,3,3,2,5,5,1,4,5,1,2,3,1,3,2,2,5,4,2,3,2,3,4,3,1,3,3,2,3,3,4,4,5,5,4,4,3,4,4,Male,19,white,single,4000,5,healthcare
158,3,5,4,4,5,5,5,3,5,5,5,5,5,5,5,5,5,2,5,3,5,5,5,3,2,4,1,1,1,1,1,1,1,1,1,1,1,7,5,1,5,4,5,2,4,2,5,5,4,5,2,3,3,5,3,1,3,5,1,2,Female,24,brown,single,1800,2,healthcare
159,2,4,4,1,3,4,1,5,5,3,4,4,3,3,3,3,2,2,3,2,5,4,4,3,3,3,1,1,2,2,1,1,3,1,1,1,3,4,4,1,2,5,4,4,2,1,2,2,2,4,3,3,3,3,3,3,4,2,3,3,Female,31,brown,single,2000,3,healthcare
160,3,4,5,4,4,5,4,5,5,5,4,3,4,3,4,3,4,2,3,3,4,5,3,3,4,5,1,1,1,2,1,1,1,1,1,1,4,2,4,1,2,3,2,3,2,1,2,2,2,3,3,4,2,3,3,4,5,3,2,3,Female,23,black,single,3500,5,social_sciences_arts_education
161,2,4,4,2,4,5,3,5,5,4,3,2,2,1,4,3,3,1,3,1,4,5,5,4,2,3,1,1,1,1,1,1,1,1,1,1,1,1,1,1,2,4,4,3,4,3,4,3,2,2,3,3,3,3,4,3,5,3,3,3,Female,23,black,single,6000,7,social_sciences_arts_education
162,2,2,2,2,2,5,5,3,4,4,4,3,3,2,4,5,4,5,4,4,4,4,3,5,5,5,1,3,1,1,1,1,3,1,1,1,1,1,1,1,4,4,5,5,2,2,3,4,2,5,2,2,2,3,3,4,4,3,1,2,Female,18,brown,single,1000,3,social_sciences_arts_education
163,2,3,4,3,5,4,5,4,5,5,3,4,3,1,2,2,3,2,4,2,4,4,5,4,3,2,2,1,1,1,1,1,1,1,2,1,1,1,1,1,4,5,5,1,2,4,4,4,5,5,2,5,5,3,2,4,2,2,5,2,Male,23,brown,single,1500,4,exact_ biological_sciences
164,3,4,4,2,4,5,5,4,5,4,5,5,5,5,5,5,5,5,5,4,3,3,3,3,2,3,1,1,1,3,1,1,3,1,3,1,1,1,1,1,2,4,4,4,3,3,2,5,2,3,3,3,5,4,3,3,4,2,3,3,Female,20,white,single,3500,4,exact_ biological_sciences
165,2,2,2,2,5,5,3,5,5,5,5,4,4,5,5,4,5,2,3,3,3,3,3,3,5,3,1,2,1,1,1,1,1,2,1,1,1,4,2,1,5,5,5,5,5,2,3,3,4,5,1,1,5,3,1,1,3,1,1,3,Female,27,white,single,1500,3,exact_ biological_sciences
166,3,5,5,2,3,5,4,3,4,3,2,4,2,3,3,5,5,4,3,2,5,5,5,4,3,4,1,1,2,1,1,1,3,1,3,1,3,4,3,1,3,4,5,5,2,1,2,1,1,3,4,3,3,5,4,2,5,4,3,4,Female,25,brown,single,2000,4,exact_ biological_sciences
167,2,3,2,3,3,4,4,2,1,2,2,3,2,2,2,3,2,2,3,2,1,3,5,3,2,3,2,1,3,1,3,3,2,1,1,3,1,5,5,3,3,4,4,2,4,4,2,4,2,3,2,3,4,3,3,4,3,4,4,4,Male,24,brown,single,600,3,exact_ biological_sciences
168,4,4,4,3,5,4,3,5,5,5,4,2,4,4,4,5,5,2,4,2,5,3,3,4,5,4,1,1,2,1,1,1,1,1,2,1,2,2,1,1,2,4,3,2,3,1,2,3,2,2,3,3,3,4,4,4,5,4,3,4,Female,21,brown,single,1500,4,social_sciences_arts_education
169,4,4,1,4,5,5,4,2,4,3,1,3,1,3,2,4,3,3,2,1,5,3,3,3,2,5,4,3,2,2,2,2,2,2,1,2,3,6,6,2,3,5,5,1,2,3,4,3,1,4,4,3,4,5,3,2,5,4,2,3,Male,19,brown,single,4000,4,exact_ biological_sciences
170,3,4,5,4,4,4,3,5,5,5,4,5,4,3,4,5,5,3,5,3,5,4,3,3,2,5,1,1,1,1,1,1,1,7,1,2,2,5,2,2,3,5,5,4,5,5,4,4,2,4,3,3,4,3,2,2,3,2,4,3,Female,18,brown,single,5000,5,exact_ biological_sciences
171,3,3,4,3,4,5,5,5,5,4,5,4,5,4,5,5,5,4,4,4,4,2,5,3,2,5,1,1,2,3,1,1,2,1,2,1,1,4,4,1,5,4,4,3,3,2,3,5,4,3,2,2,3,3,2,2,2,2,2,3,Male,19,white,single,8000,4,exact_ biological_sciences
172,5,5,4,3,5,4,3,5,5,5,5,4,4,2,4,3,3,3,5,3,4,5,4,5,4,5,1,1,1,1,1,1,1,7,2,3,1,7,7,2,3,4,3,3,2,4,2,1,2,2,4,5,5,5,5,5,5,5,5,4,Male,18,brown,single,2000,3,social_sciences_arts_education
173,2,2,1,2,2,4,4,4,2,4,2,4,3,2,2,2,4,2,1,1,2,5,5,4,2,3,1,3,2,3,1,1,2,1,2,1,4,4,6,1,2,4,2,2,2,1,2,1,3,3,2,2,2,4,4,5,2,2,3,3,Male,19,brown,single,7000,5,exact_ biological_sciences
174,4,5,4,3,3,5,3,5,5,4,4,4,1,1,5,5,4,4,2,1,5,4,5,2,2,4,3,2,4,4,3,1,3,1,5,4,4,4,4,4,3,5,5,2,5,2,3,4,3,4,4,3,4,5,3,2,4,4,2,5,Female,18,white,single,5000,5,exact_ biological_sciences
175,1,4,3,3,2,5,4,5,5,5,4,4,2,2,4,4,5,2,4,1,4,4,5,4,3,4,1,1,1,1,1,1,2,1,1,1,1,4,1,1,3,5,5,3,3,2,3,2,4,4,4,3,3,5,3,3,4,4,3,5,Female,19,white,single,3500,4,healthcare
176,2,3,5,3,3,5,3,3,4,3,3,3,2,5,5,5,5,3,2,3,2,5,3,4,3,3,3,6,6,5,3,5,7,3,4,4,4,4,4,6,2,3,2,3,4,3,3,3,4,3,2,2,4,4,4,3,3,3,3,3,Male,20,black,single,998,2,exact_ biological_sciences
177,4,2,2,2,3,4,3,4,3,3,4,4,2,2,2,4,3,1,3,2,4,3,5,3,4,3,2,1,1,1,1,1,2,1,1,4,2,1,4,4,2,5,3,1,4,2,2,2,3,2,4,4,5,3,4,3,3,4,5,4,Male,19,brown,single,1200,4,social_sciences_arts_education
178,5,5,5,4,5,5,5,5,5,4,4,5,5,5,5,3,5,2,5,4,5,4,5,4,5,5,1,1,2,5,1,1,2,1,4,1,1,1,1,1,5,5,5,4,4,4,5,5,4,5,4,4,3,3,2,4,4,4,4,4,Female,19,brown,single,2500,3,exact_ biological_sciences
179,3,4,4,3,4,2,4,3,4,3,4,2,4,4,4,4,4,2,3,2,5,5,5,5,5,5,1,1,1,2,1,1,4,2,2,1,1,2,1,1,3,4,3,4,2,1,2,2,1,2,4,3,5,5,5,2,3,3,3,3,Female,19,white,single,11000,4,exact_ biological_sciences
180,4,4,5,3,5,5,3,4,4,3,4,4,4,2,5,3,4,2,4,3,4,4,3,4,3,4,1,1,3,1,1,2,2,1,3,1,1,2,1,1,4,4,3,3,3,2,2,2,2,2,3,3,5,4,5,3,4,4,4,5,Female,18,white,single,1489,2,exact_ biological_sciences
181,4,5,5,4,3,5,5,3,4,4,4,4,4,3,4,5,5,3,3,3,4,3,4,3,4,4,1,1,1,4,1,1,3,1,2,4,2,6,4,4,3,4,4,5,5,3,4,4,1,4,2,3,3,4,3,2,5,3,2,3,Male,19,brown,single,980,3,social_sciences_arts_education
182,5,5,5,3,5,4,4,4,5,5,4,4,4,2,3,3,2,1,2,1,5,4,5,5,5,5,1,1,1,1,1,1,7,1,2,1,1,1,1,1,2,2,3,2,3,2,2,3,1,2,4,4,3,4,4,4,4,3,3,4,Male,26,brown,single,1700,3,social_sciences_arts_education
183,3,4,5,2,4,5,2,5,5,3,4,5,4,3,3,4,4,2,3,3,5,4,4,3,2,3,1,1,2,1,1,1,1,1,1,1,1,1,2,1,4,5,3,5,3,2,3,3,3,2,2,2,3,5,5,4,4,4,3,4,Female,18,white,single,6000,4,social_sciences_arts_education
184,5,5,5,4,5,5,5,5,5,5,5,5,5,4,5,5,5,4,5,5,3,5,3,5,5,5,2,3,5,7,1,1,4,7,4,7,7,7,1,7,5,5,5,5,5,5,3,5,5,5,3,3,3,5,5,4,5,4,3,2,Male,18,black,single,900,2,social_sciences_arts_education
185,3,5,4,3,3,5,5,4,4,5,4,4,3,2,5,3,5,1,5,2,5,4,5,5,5,5,4,2,3,3,4,1,5,3,4,4,4,4,4,4,5,5,5,5,3,5,5,3,3,4,3,2,4,5,4,4,4,4,5,4,Female,20,brown,single,990,3,social_sciences_arts_education
186,4,4,5,5,5,5,5,4,5,5,4,4,4,4,3,5,4,4,5,4,4,4,3,4,5,5,2,2,3,3,1,1,2,1,4,2,3,2,2,2,4,5,5,5,3,1,2,2,4,4,1,2,3,4,2,1,4,1,1,2,Female,20,brown,single,400,3,social_sciences_arts_education
187,5,5,5,4,5,4,5,4,5,5,5,5,4,4,4,3,2,1,1,1,5,4,4,4,5,5,1,1,1,1,1,1,2,1,1,1,1,2,1,1,2,3,2,1,2,1,1,1,2,1,4,3,4,5,5,5,2,4,2,5,Female,19,white,single,5000,2,social_sciences_arts_education
188,3,2,2,1,4,4,4,4,5,3,3,3,2,1,2,3,2,3,2,2,4,4,4,4,4,4,3,4,4,5,3,4,3,2,7,4,4,4,5,4,3,4,4,3,3,2,2,3,2,4,2,2,2,2,4,3,3,3,2,4,Male,19,brown,single,1600,4,exact_ biological_sciences
189,2,5,3,3,5,5,1,4,4,4,3,2,3,1,1,1,2,1,1,2,5,5,3,5,1,4,1,1,1,1,1,1,1,1,1,1,1,4,3,1,4,5,5,5,2,1,1,1,5,5,2,2,1,5,3,5,5,1,3,2,Male,20,brown,single,800,4,exact_ biological_sciences
190,1,4,3,1,5,3,1,5,5,5,5,5,5,3,4,5,5,3,2,1,4,5,5,5,5,5,1,1,1,1,1,1,1,1,1,1,1,1,1,1,3,5,5,4,3,1,5,2,2,5,3,3,4,4,3,4,4,3,4,3,Male,32,white,single,6300,3,social_sciences_arts_education
191,4,4,5,4,4,4,4,5,5,5,4,5,4,3,5,4,4,2,2,2,4,4,3,5,3,4,1,1,3,1,1,1,2,1,2,1,2,2,1,1,3,5,5,5,3,2,5,3,5,5,4,3,5,5,4,3,4,4,3,4,Female,18,brown,single,2000,4,social_sciences_arts_education
192,5,4,5,5,4,5,5,4,4,4,3,4,4,3,3,2,3,1,3,3,4,4,5,4,4,4,1,1,1,1,1,1,3,1,1,1,4,6,5,1,4,5,5,5,4,3,5,4,5,4,2,3,3,4,3,2,3,2,3,1,Male,18,white,single,6000,4,social_sciences_arts_education
193,5,5,5,5,5,5,5,5,5,5,5,5,4,3,4,5,5,3,5,4,5,5,4,5,4,5,1,1,1,1,1,1,1,1,1,1,1,1,1,1,5,5,5,4,2,1,2,2,1,4,2,2,3,3,3,2,3,2,2,3,Male,20,white,single,3000,6,social_sciences_arts_education
194,2,4,5,3,4,5,3,5,5,4,5,2,4,2,5,5,5,4,4,2,4,4,5,3,2,3,1,1,1,1,1,1,2,1,3,4,2,5,4,4,3,5,4,4,3,3,5,5,3,2,2,4,3,4,4,4,3,2,3,4,Male,20,black,single,6000,2,exact_ biological_sciences
195,2,4,5,2,4,5,4,4,4,5,4,4,3,5,4,5,3,3,4,3,5,4,4,4,3,4,2,1,1,2,2,1,1,2,2,1,1,3,5,2,4,5,5,4,3,1,4,3,2,2,3,2,5,3,5,4,3,4,2,5,Male,19,brown,single,9000,4,exact_ biological_sciences
196,4,5,5,4,5,5,2,5,5,4,4,4,4,3,5,5,5,3,4,3,5,4,5,4,4,5,1,1,1,1,1,1,3,1,2,2,1,7,2,2,4,5,5,4,4,1,4,2,4,3,2,2,3,5,4,3,2,3,2,4,Female,19,white,single,10000,6,exact_ biological_sciences
197,4,4,4,3,4,5,3,4,5,5,5,5,5,3,5,5,5,5,2,2,5,3,2,2,5,3,1,1,1,1,1,1,1,1,1,1,1,1,1,1,5,4,5,4,5,2,4,5,1,4,3,2,2,4,2,2,5,3,4,2,Female,58,white,single,5600,2,social_sciences_arts_education
198,2,2,1,1,3,3,4,4,5,4,4,4,2,1,2,2,3,2,1,1,5,5,5,5,3,4,1,1,1,1,1,1,1,1,4,1,1,5,1,1,2,4,3,3,1,1,1,2,1,2,2,3,2,2,4,3,3,4,2,4,Male,24,indigenous,single,6000,3,exact_ biological_sciences
199,5,5,4,3,3,3,3,4,5,4,3,3,3,2,4,3,3,2,3,2,4,3,4,3,3,3,1,4,3,4,1,1,4,1,3,1,1,1,1,1,3,3,3,4,4,3,4,3,4,3,4,4,4,4,4,4,4,4,4,4,Female,23,white,single,2000,4,social_sciences_arts_education
200,2,5,4,2,1,2,2,1,4,3,5,2,2,2,2,2,3,2,2,2,5,5,4,5,2,3,4,4,7,5,6,3,5,4,4,3,1,6,6,3,1,2,4,3,1,4,2,2,1,1,5,4,5,5,5,5,4,2,5,4,Male,25,brown,single,5000,3,exact_ biological_sciences
201,5,5,5,4,5,5,5,4,5,5,5,5,5,5,5,5,5,3,5,4,5,4,4,5,5,5,1,1,3,1,1,1,2,1,2,1,1,7,1,1,5,5,5,5,3,1,2,3,1,5,1,2,1,3,4,2,5,1,1,3,Male,20,white,single,1500,4,exact_ biological_sciences
202,3,3,3,3,3,5,4,4,4,4,3,3,3,4,4,4,4,3,3,1,3,4,2,4,3,4,1,2,1,1,1,1,2,1,1,1,1,1,1,1,4,5,5,4,4,5,4,4,1,4,3,3,4,5,4,3,4,3,3,4,Female,20,brown,single,3000,4,exact_ biological_sciences
203,4,5,4,3,4,5,4,5,5,5,5,5,5,5,5,3,3,1,2,1,4,4,5,4,5,5,3,2,4,3,2,3,3,2,1,4,1,4,5,4,4,5,5,4,4,4,5,4,4,5,2,4,3,4,2,5,4,4,4,2,Female,20,brown,single,3400,6,exact_ biological_sciences
204,4,4,4,3,5,5,4,4,5,4,2,4,2,1,2,3,4,2,4,3,5,5,4,5,5,4,1,1,2,1,1,1,1,1,1,1,1,1,1,1,3,5,4,1,2,1,1,1,1,4,3,3,3,4,3,2,2,3,2,3,Male,21,brown,single,3000,3,social_sciences_arts_education
205,5,4,5,3,3,4,4,5,5,4,4,2,4,2,3,3,4,2,2,3,4,3,3,3,4,4,1,1,1,1,1,1,3,1,2,1,1,2,1,1,3,3,3,1,3,2,2,2,2,1,4,4,4,5,5,5,4,4,3,5,Female,20,brown,single,4000,4,social_sciences_arts_education
206,3,2,5,5,5,4,4,5,5,5,4,4,5,5,3,4,3,2,3,2,4,4,4,4,3,4,2,5,5,6,2,2,5,2,4,5,5,7,6,4,3,5,5,5,3,4,5,3,5,5,2,3,4,5,3,3,5,3,3,3,Female,20,brown,single,2500,6,social_sciences_arts_education
207,4,5,5,4,2,5,4,4,5,5,4,4,3,3,5,4,4,3,4,3,5,4,4,5,5,4,1,1,3,1,1,1,3,1,3,1,3,7,3,1,3,5,5,4,3,4,5,5,4,5,2,3,4,5,4,4,5,4,4,4,Female,18,brown,single,600,3,exact_ biological_sciences
208,5,5,5,5,5,5,5,5,5,5,5,5,5,5,5,5,4,3,3,5,4,4,3,4,4,5,1,1,1,1,1,1,1,1,1,1,1,2,1,1,2,5,3,4,3,2,3,3,2,2,4,4,3,4,4,3,4,4,3,5,Female,18,brown,single,1500,3,social_sciences_arts_education
209,1,2,3,3,3,4,4,5,5,5,4,4,4,5,4,5,4,4,4,3,3,4,2,3,5,4,1,1,1,1,2,1,1,1,1,7,5,5,4,1,4,5,5,4,2,3,4,5,2,4,2,3,4,4,2,3,4,4,4,3,Male,18,brown,single,998,3,social_sciences_arts_education
210,3,3,3,3,2,4,4,5,5,5,5,4,4,4,5,4,3,2,3,4,5,4,3,4,5,5,1,1,3,1,1,1,2,1,1,2,2,2,3,1,3,2,3,3,5,1,2,1,1,1,4,4,4,5,5,4,4,5,4,5,Female,18,white,single,4000,4,social_sciences_arts_education
211,3,3,3,3,3,3,3,4,5,5,4,4,3,2,4,5,2,1,3,1,5,4,5,5,4,5,2,1,2,2,1,2,3,1,4,1,2,4,2,1,3,3,2,2,2,3,2,2,2,1,4,4,5,4,4,4,4,5,4,4,Male,18,brown,single,7000,5,social_sciences_arts_education
212,4,2,2,4,2,5,5,5,5,5,5,5,4,3,3,3,3,4,5,4,5,5,5,5,5,5,2,1,2,1,1,1,7,1,6,2,2,7,3,3,4,2,4,1,2,4,1,4,1,3,3,3,5,4,4,2,5,3,3,4,Female,18,brown,single,2500,4,social_sciences_arts_education
213,2,3,4,3,3,3,3,3,4,4,4,3,3,2,4,4,4,3,3,3,3,4,3,4,3,3,2,2,2,5,2,2,2,1,2,4,3,4,4,1,3,3,3,2,2,2,2,2,2,3,3,4,3,3,3,3,2,3,3,3,Male,23,brown,single,1000,5,exact_ biological_sciences
214,3,3,4,3,5,5,5,4,5,4,4,4,3,3,5,5,5,4,4,4,3,4,5,3,4,3,2,5,5,7,2,2,4,2,6,2,1,4,3,2,4,4,4,5,4,3,4,3,3,4,2,2,3,4,3,3,3,5,3,2,Male,24,brown,single,998,3,exact_ biological_sciences
215,2,3,2,2,1,1,2,1,2,2,2,2,2,2,1,1,2,2,2,2,2,4,1,3,1,1,1,2,3,4,2,1,3,1,3,1,2,2,3,1,5,4,5,3,4,3,2,3,2,3,2,2,2,2,3,1,3,1,1,3,Male,19,white,single,8000,4,exact_ biological_sciences
216,2,2,1,2,2,4,1,3,4,3,2,4,2,2,2,4,3,3,2,3,3,5,5,3,3,2,4,1,4,3,2,3,3,7,3,1,1,1,1,1,3,3,3,5,2,3,2,2,3,3,3,4,4,5,4,4,4,3,5,3,Male,23,brown,single,5000,4,exact_ biological_sciences
217,4,5,5,3,5,5,2,5,5,5,4,5,4,4,3,3,4,3,2,2,3,2,3,3,2,4,1,1,1,1,1,1,3,1,3,1,4,7,1,1,4,4,4,2,4,2,2,4,1,4,3,5,4,2,3,4,4,2,4,3,Female,19,brown,single,3000,3,social_sciences_arts_education
218,3,3,4,3,4,5,5,4,5,4,4,4,4,2,5,3,3,2,3,3,5,4,4,4,5,5,1,1,1,1,1,1,1,1,1,1,1,2,1,1,3,4,4,5,3,4,3,2,2,3,2,2,3,4,3,2,4,1,2,3,Female,19,white,single,4000,4,social_sciences_arts_education
219,4,4,5,3,5,5,4,4,5,5,4,4,4,4,4,2,3,1,4,1,4,4,4,4,4,5,1,1,1,1,1,1,1,1,1,1,1,1,1,1,3,4,4,3,2,2,2,3,2,4,3,3,3,3,3,2,4,3,3,3,Female,21,white,single,2000,4,social_sciences_arts_education
220,5,5,5,4,5,5,3,5,5,5,5,3,4,2,4,4,4,2,2,1,5,4,5,3,2,5,1,1,1,1,1,1,1,1,1,1,1,1,1,1,3,4,5,3,2,2,3,2,2,3,2,3,3,4,3,3,3,2,3,4,Female,19,white,single,2500,4,social_sciences_arts_education
221,3,2,3,2,2,5,3,4,5,4,4,4,3,2,1,4,4,2,2,1,4,5,4,5,3,4,1,1,1,1,1,1,1,1,2,1,1,1,1,1,3,5,3,5,1,3,4,2,2,5,1,1,3,2,1,1,2,1,3,1,Male,21,brown,single,2000,4,social_sciences_arts_education
222,4,5,5,5,5,4,4,4,4,4,3,3,3,2,5,5,4,4,5,2,2,4,4,4,2,3,1,1,4,1,1,1,2,1,2,1,2,5,4,2,4,5,5,2,3,4,4,4,4,5,2,1,4,2,2,3,3,3,3,4,Female,19,brown,single,20000,5,social_sciences_arts_education
223,3,4,4,2,5,4,2,5,3,3,4,2,2,5,3,5,4,2,3,3,4,5,5,4,4,5,1,1,1,1,1,1,1,1,1,1,1,1,1,1,4,5,5,1,3,2,2,2,2,4,2,3,3,5,4,3,3,5,3,4,Female,20,black,single,1300,1,social_sciences_arts_education
224,4,4,4,3,4,4,5,4,5,4,4,4,3,2,3,3,3,2,4,2,4,4,5,4,5,5,1,1,2,1,1,1,1,1,1,1,1,2,1,1,3,4,4,4,2,1,3,2,2,2,4,3,3,4,4,4,5,4,4,4,Female,21,brown,single,8000,3,social_sciences_arts_education
225,3,5,5,3,4,5,3,5,5,5,4,4,5,5,5,5,4,4,4,4,4,4,4,4,5,4,1,1,1,1,1,1,2,1,1,1,1,1,1,1,3,5,5,1,2,2,2,3,2,5,3,3,3,5,3,2,5,3,3,4,Female,18,white,single,10000,5,social_sciences_arts_education
226,5,5,5,5,5,5,5,4,4,4,4,4,4,2,3,1,3,1,2,2,2,3,3,4,2,3,1,1,1,1,1,1,1,1,1,1,1,1,1,1,3,5,4,2,2,1,4,1,1,2,4,3,3,5,3,4,4,5,2,5,Female,19,white,single,17000,2,social_sciences_arts_education
227,5,5,5,4,4,5,4,5,5,5,4,5,5,5,5,5,5,5,4,4,5,5,4,5,5,4,1,1,1,1,1,1,1,1,5,1,5,1,2,1,5,5,5,3,3,3,2,4,1,2,2,2,4,3,2,3,1,2,2,4,Female,19,white,single,5000,3,social_sciences_arts_education
228,3,3,3,2,3,5,4,5,4,5,4,3,4,2,3,2,3,1,1,2,5,4,5,5,5,5,1,1,1,1,1,1,1,1,3,1,1,1,1,1,2,4,4,4,2,3,2,2,1,2,4,5,3,4,5,3,4,2,3,3,Male,22,white,single,5000,4,social_sciences_arts_education
229,5,4,5,4,4,5,4,3,4,5,5,4,5,2,5,5,5,5,5,2,4,5,5,4,4,4,1,1,2,1,1,1,1,1,1,1,1,6,3,1,3,4,4,4,5,4,5,3,3,2,3,3,3,4,4,3,5,2,3,4,Female,29,brown,single,1500,4,social_sciences_arts_education
230,2,5,4,2,4,4,4,4,5,5,5,4,4,1,4,4,5,2,4,2,2,5,4,1,4,5,1,2,2,4,5,2,2,1,5,5,1,7,4,4,3,5,5,1,3,1,4,3,2,3,4,2,5,4,4,5,5,5,4,4,Female,43,brown,married_partnered,2994,3,social_sciences_arts_education
231,1,5,5,3,5,5,3,3,5,5,5,5,5,5,5,4,5,4,5,4,4,5,3,4,4,5,1,1,3,6,1,1,1,1,2,4,4,1,4,4,5,5,5,5,5,5,5,5,5,5,2,1,2,1,2,1,3,1,2,3,Female,23,brown,single,400,2,healthcare
232,1,3,4,2,4,5,4,3,4,4,3,2,4,2,5,5,5,1,5,2,2,5,5,5,5,4,1,3,2,5,1,2,2,1,5,2,2,2,3,1,2,3,5,3,2,3,4,2,3,4,2,2,1,3,3,2,3,2,1,3,Female,21,brown,single,8000,4,social_sciences_arts_education
233,4,5,4,2,5,5,3,5,5,5,5,5,4,3,2,3,3,2,2,1,3,5,3,5,2,5,1,1,1,4,1,1,2,1,1,2,2,4,2,1,3,3,3,2,2,2,3,3,2,3,4,3,4,4,4,4,5,4,4,4,Male,26,white,single,6000,6,social_sciences_arts_education
234,2,3,4,2,2,5,5,5,5,5,5,4,5,4,5,4,5,2,5,3,4,5,4,3,4,5,1,1,3,2,1,1,1,1,2,4,5,5,2,2,4,5,5,4,3,5,3,5,2,4,2,4,4,4,3,3,5,4,5,3,Female,22,brown,single,1700,4,social_sciences_arts_education
235,3,3,3,3,1,5,3,5,5,4,4,5,5,2,4,4,5,1,3,1,4,4,4,4,3,5,2,2,4,2,1,1,2,1,6,7,7,7,7,7,3,4,4,4,3,5,4,4,3,4,3,3,3,3,2,2,1,3,3,3,Male,24,white,single,1500,4,social_sciences_arts_education
236,3,4,5,4,5,5,4,4,5,4,4,4,4,4,3,4,4,1,4,1,4,4,5,4,5,4,1,1,4,7,1,1,1,1,5,4,4,4,4,1,2,3,3,3,3,2,1,3,2,1,4,4,3,4,4,5,4,4,5,5,Male,24,brown,single,7000,4,social_sciences_arts_education
237,3,5,3,4,5,4,2,5,4,4,4,3,2,2,4,5,4,4,4,2,5,3,4,4,3,4,1,1,3,1,1,1,2,1,5,5,1,3,5,3,2,5,4,5,3,2,5,4,3,4,1,4,4,4,2,4,2,1,4,3,Male,27,brown,single,980,2,social_sciences_arts_education
238,4,5,5,4,3,5,4,4,4,4,4,4,4,3,5,4,4,2,3,3,4,4,4,4,4,5,1,1,1,1,1,1,1,1,1,1,1,1,1,1,4,4,4,2,3,3,2,3,4,3,3,5,4,4,3,4,5,5,3,4,Female,22,white,single,2500,4,social_sciences_arts_education
239,1,3,4,4,5,5,4,5,5,4,5,5,5,3,3,5,5,4,5,4,4,2,3,3,2,5,1,1,3,1,1,1,2,1,2,1,2,1,2,1,4,5,5,4,4,3,5,5,3,5,1,1,4,3,2,4,3,4,3,3,Female,20,brown,married_partnered,1000,2,social_sciences_arts_education
240,5,5,5,4,5,5,5,5,5,5,5,5,4,5,5,5,5,3,5,2,5,4,5,4,5,5,1,1,1,3,1,1,3,1,3,1,1,2,1,1,4,4,5,4,4,4,4,4,3,4,2,3,2,2,2,2,3,2,3,2,Male,42,brown,single,998,2,social_sciences_arts_education
241,4,5,5,3,5,5,4,5,5,4,5,5,4,5,4,3,3,1,4,3,4,4,4,4,4,4,1,1,1,1,1,1,2,1,1,1,1,1,2,1,2,4,3,5,2,1,3,2,2,3,4,3,4,5,4,4,4,4,3,4,Female,20,brown,single,5900,5,social_sciences_arts_education
242,4,4,2,1,3,5,5,4,3,4,2,4,2,2,5,5,4,2,5,1,3,5,2,5,2,3,1,1,1,1,1,1,7,1,1,3,1,1,3,1,4,5,5,4,3,1,2,5,5,4,3,2,3,3,2,2,2,3,1,1,Male,23,white,single,2000,3,social_sciences_arts_education
244,4,4,4,5,5,4,4,5,5,4,4,3,5,4,5,5,5,1,5,3,4,3,5,4,3,3,1,5,1,2,2,3,2,1,2,2,3,4,2,1,3,5,5,3,5,4,5,5,4,5,2,2,4,4,2,3,1,2,3,2,Female,44,brown,married_partnered,1800,2,social_sciences_arts_education
245,5,4,4,3,3,5,4,5,5,5,5,5,4,4,4,5,4,3,3,4,5,4,5,4,5,5,1,1,1,1,1,1,1,1,1,1,1,1,1,1,3,3,3,5,3,2,1,3,4,3,4,4,4,5,4,4,5,3,4,3,Male,21,brown,single,998,2,social_sciences_arts_education
246,4,5,4,4,5,5,4,5,5,5,5,5,5,4,3,1,4,1,2,3,5,2,5,3,2,5,1,1,1,1,1,1,1,1,1,1,1,1,1,1,3,5,5,2,4,4,4,4,3,4,4,4,3,3,3,5,5,3,4,3,Female,19,white,single,11000,5,social_sciences_arts_education
247,3,4,3,2,5,5,3,3,4,4,4,4,3,4,3,4,3,4,4,1,3,4,3,3,3,4,1,2,4,5,1,1,2,1,1,1,1,1,1,1,4,5,5,1,2,2,3,3,1,5,2,3,3,3,2,3,3,3,3,2,Male,20,white,single,1500,2,social_sciences_arts_education
248,4,5,4,2,5,5,5,4,5,4,4,4,2,4,5,5,5,5,5,4,3,2,2,2,5,4,2,1,1,3,1,1,1,1,3,3,2,1,3,3,4,5,4,4,4,2,5,4,4,4,2,2,3,4,2,3,3,2,1,3,Female,19,white,single,5500,3,social_sciences_arts_education
250,5,5,5,5,5,5,5,5,4,4,4,4,5,5,5,5,5,3,5,4,4,4,5,4,3,5,1,1,1,7,1,1,2,1,1,1,1,1,1,1,4,5,5,5,3,2,4,5,4,5,1,2,4,5,3,5,4,1,2,3,Female,18,brown,single,1200,2,social_sciences_arts_education
251,5,3,2,2,5,3,1,5,4,2,1,1,2,1,3,3,3,1,2,1,3,3,2,3,2,2,1,1,1,2,1,1,1,1,6,1,1,1,1,1,4,5,5,2,2,2,1,2,1,2,3,5,5,5,3,4,3,5,4,4,Male,19,black,single,500,4,social_sciences_arts_education
252,5,5,5,5,5,5,5,4,4,4,4,4,4,3,2,3,3,2,4,2,4,4,5,4,4,4,1,1,1,1,1,1,1,1,1,1,6,1,1,1,2,5,5,5,4,5,4,4,5,4,2,4,3,4,3,4,4,2,5,2,Female,20,black,single,300,1,social_sciences_arts_education
253,3,3,2,2,2,4,2,2,4,4,3,3,3,2,2,4,5,2,4,1,3,3,2,5,1,2,1,1,1,1,1,1,1,1,1,1,1,1,3,1,4,3,4,5,5,3,4,5,3,3,2,2,2,3,2,2,3,2,2,3,Male,26,white,single,4000,4,social_sciences_arts_education
254,5,3,4,3,5,4,3,4,5,4,4,3,3,5,3,3,3,2,3,4,5,5,3,3,2,3,1,1,1,1,1,1,1,1,1,1,1,1,1,1,3,4,3,1,3,3,2,3,3,3,3,3,3,3,4,4,3,3,3,3,Male,26,brown,single,3000,3,social_sciences_arts_education
255,1,2,2,2,1,3,3,2,3,2,1,2,1,1,3,1,2,2,1,1,2,3,2,3,1,4,1,2,2,3,2,2,1,7,1,2,2,3,5,2,2,4,4,4,2,5,4,4,3,3,2,3,3,2,2,3,2,2,3,2,Male,22,brown,single,998,4,social_sciences_arts_education
256,3,3,4,2,4,5,2,4,5,4,3,3,3,3,5,5,3,2,3,1,4,4,3,4,2,5,2,1,1,2,2,1,2,1,2,1,3,2,1,1,2,4,3,3,2,1,2,2,2,1,3,4,4,4,3,3,3,3,4,3,Male,18,white,single,4500,3,social_sciences_arts_education
257,2,4,5,3,5,4,3,3,4,3,4,4,4,4,4,4,5,2,4,3,3,3,3,3,3,4,1,1,3,4,1,1,4,1,6,1,1,4,1,1,4,4,5,3,2,3,3,3,3,4,3,2,3,2,3,3,3,3,3,3,Female,19,brown,single,1000,3,social_sciences_arts_education
258,3,5,3,1,3,2,3,5,5,5,3,3,3,4,5,1,3,1,5,1,5,3,2,3,3,3,1,1,1,1,1,1,3,1,4,1,1,1,1,1,1,5,4,2,4,2,3,3,1,3,4,5,4,3,3,5,5,5,5,3,Female,28,white,single,4000,4,social_sciences_arts_education
259,5,5,5,5,5,5,5,4,5,4,4,5,5,5,3,4,4,3,5,2,3,5,4,5,4,5,1,1,1,1,1,1,1,1,1,1,1,1,1,1,5,5,5,5,4,1,5,3,3,2,2,3,3,5,4,3,4,2,2,4,Female,19,brown,single,8000,4,social_sciences_arts_education
260,2,5,5,4,4,5,4,5,5,5,5,4,4,3,5,4,5,2,4,3,4,3,3,4,4,4,1,1,2,1,1,1,3,1,1,4,1,1,3,1,5,5,5,3,3,2,4,3,5,5,2,3,4,4,3,2,3,1,3,3,Female,19,brown,single,10000,4,social_sciences_arts_education
261,5,5,4,4,4,3,4,5,5,4,4,5,3,3,3,3,4,3,4,3,5,5,5,3,4,4,1,1,2,1,1,1,1,1,1,1,1,2,1,1,3,5,3,2,1,1,3,2,2,2,3,2,4,5,4,3,5,4,3,4,Male,21,brown,single,1000,6,social_sciences_arts_education
262,4,5,5,5,5,3,3,5,5,4,4,2,3,5,3,3,5,2,4,3,5,4,3,5,3,4,1,1,2,1,1,1,2,1,1,1,2,1,2,1,3,5,3,5,1,1,2,2,3,3,4,3,3,5,5,3,2,4,3,4,Male,21,black,single,2500,4,social_sciences_arts_education
263,5,5,5,4,4,5,4,5,5,5,4,5,4,4,5,5,5,2,2,2,5,5,5,4,4,4,1,1,3,1,1,1,1,1,4,1,5,1,1,1,4,5,5,3,3,1,4,2,2,3,4,4,3,4,4,3,3,3,4,4,Male,28,brown,single,2438,3,social_sciences_arts_education
264,1,3,2,4,5,5,3,5,4,5,5,3,3,3,5,5,4,3,3,2,4,5,5,5,5,5,1,1,1,1,1,1,2,1,1,1,1,1,1,1,4,4,4,1,3,1,2,2,2,3,3,3,3,3,5,3,5,4,3,5,Female,19,brown,single,2994,3,social_sciences_arts_education
265,4,5,5,3,5,5,5,4,4,4,4,4,3,1,3,5,4,3,5,1,5,2,2,3,4,5,1,1,1,1,1,1,1,1,1,1,3,4,3,1,4,5,5,3,4,1,4,4,2,4,3,3,2,4,4,2,5,4,2,3,Male,22,brown,single,1200,3,healthcare
266,4,4,4,3,4,2,5,5,5,5,5,4,5,5,5,5,4,2,2,2,4,5,4,5,4,5,1,1,1,1,1,1,2,1,2,3,3,1,4,3,3,4,4,3,4,2,3,3,2,2,3,4,5,3,3,5,5,3,3,5,Female,18,brown,single,1000,3,social_sciences_arts_education
267,4,4,5,4,5,4,4,4,4,4,4,4,4,4,4,3,3,2,3,3,4,3,3,4,2,4,1,1,2,3,1,1,2,1,2,1,1,2,3,1,2,4,4,3,4,1,3,2,2,4,3,3,3,3,2,3,4,3,3,3,Male,21,brown,single,998,3,social_sciences_arts_education
268,5,5,5,5,5,5,5,5,5,5,5,5,5,5,5,5,5,2,5,4,5,5,2,5,5,5,1,1,2,3,1,1,2,1,4,1,1,1,1,1,5,5,5,5,2,2,5,3,5,5,1,3,2,5,1,1,5,5,4,3,Male,25,black,single,400,3,social_sciences_arts_education
269,1,2,2,2,4,2,2,5,5,5,5,4,5,4,4,4,4,2,3,1,4,4,4,4,4,4,1,1,1,1,1,1,1,1,1,1,1,1,1,1,3,3,3,3,2,2,3,2,2,2,4,4,4,5,5,5,4,3,4,4,Male,38,brown,married_partnered,4000,4,social_sciences_arts_education
270,3,5,3,3,4,5,3,5,5,5,4,5,2,1,2,4,4,2,4,2,2,4,5,4,2,3,1,1,1,2,1,1,2,1,2,1,1,1,2,1,2,5,3,2,3,2,3,2,2,3,4,4,4,5,5,4,5,4,3,5,Female,20,white,single,7000,5,social_sciences_arts_education
271,2,3,4,2,3,4,2,5,5,4,3,4,5,5,3,2,2,1,3,4,5,4,2,4,3,3,1,1,2,1,1,1,1,1,1,1,1,1,1,1,2,5,3,2,3,3,2,4,3,4,2,4,3,4,3,3,2,4,4,4,Female,19,brown,single,10000,4,social_sciences_arts_education
272,4,4,4,4,5,5,5,5,5,5,4,4,4,4,2,3,3,2,3,5,5,5,4,5,5,4,1,1,1,4,1,1,1,1,1,1,2,1,2,1,3,5,5,5,2,1,3,1,5,3,3,3,4,5,3,3,4,2,3,4,Male,20,black,single,1500,2,social_sciences_arts_education
273,3,3,3,3,4,5,4,5,4,3,4,3,4,4,4,4,3,3,4,3,3,3,3,3,2,3,1,2,2,2,1,1,2,1,2,2,2,2,2,1,3,4,4,4,3,2,3,4,2,4,3,2,2,4,3,3,2,4,2,2,Male,20,white,single,9000,3,social_sciences_arts_education
274,4,4,3,4,4,5,4,4,5,4,4,3,4,2,5,4,4,2,4,2,5,5,5,5,5,5,1,1,1,1,1,1,1,1,1,1,1,1,1,1,2,5,4,3,2,1,2,1,2,3,3,3,3,4,3,2,5,3,3,3,Male,23,white,single,10000,5,social_sciences_arts_education
275,5,5,5,4,5,5,4,5,5,5,4,4,3,1,1,1,2,1,2,1,3,4,5,3,3,4,1,1,2,1,1,1,1,1,1,1,1,7,3,1,3,5,5,5,3,3,5,2,2,4,1,3,4,3,3,4,5,3,4,3,Female,21,brown,single,6000,5,social_sciences_arts_education
276,4,5,3,4,4,5,2,5,4,4,3,3,3,3,5,5,5,4,5,2,4,3,3,3,2,3,1,1,2,1,1,1,1,1,1,1,1,1,1,1,3,4,5,5,4,4,5,5,4,3,2,1,3,5,4,2,3,2,1,4,Male,20,white,single,10000,3,social_sciences_arts_education
277,5,3,3,4,5,5,4,5,5,2,3,4,1,3,2,4,5,1,3,2,5,5,4,5,5,3,1,1,2,1,1,1,1,1,1,1,4,4,6,1,2,4,4,2,1,2,4,1,2,2,4,3,3,3,5,5,2,4,3,5,Male,20,brown,single,2000,3,social_sciences_arts_education
278,5,5,5,4,5,1,2,5,5,5,5,4,5,2,4,5,5,2,5,2,5,5,5,5,4,5,1,1,1,1,1,1,2,1,1,4,4,5,4,4,3,5,4,2,3,3,2,4,3,4,3,3,2,4,2,3,2,4,3,2,Male,40,brown,married_partnered,7000,3,social_sciences_arts_education
279,5,5,5,4,4,4,5,4,5,4,4,3,4,2,3,4,3,3,4,1,3,4,2,4,2,4,1,1,1,5,1,1,1,1,3,1,4,1,2,1,3,5,4,3,5,4,4,5,3,5,3,3,2,5,2,2,4,2,2,3,Male,25,brown,single,1720,2,social_sciences_arts_education
280,1,4,3,3,4,5,5,4,4,4,4,4,3,3,5,5,4,2,2,2,5,5,5,4,4,4,1,4,3,1,1,1,4,1,6,1,1,1,1,1,2,2,2,2,3,4,2,2,1,2,4,3,4,4,4,4,4,5,3,5,Male,19,brown,single,3000,4,social_sciences_arts_education
281,4,4,4,3,4,5,4,4,5,5,4,4,3,2,5,5,4,2,2,1,5,5,4,4,4,5,1,1,2,1,1,1,2,1,1,4,2,4,3,3,2,4,4,4,3,1,1,2,3,5,2,3,4,2,2,3,4,3,3,2,Female,21,white,single,3500,5,social_sciences_arts_education
282,3,3,2,2,3,5,3,5,5,5,5,5,5,5,4,5,5,4,5,5,5,5,5,5,4,5,1,1,1,1,1,1,1,1,1,1,1,1,1,1,4,5,4,3,4,3,3,5,3,5,3,3,5,5,3,3,4,5,3,2,Female,24,black,single,2000,1,social_sciences_arts_education
283,4,4,4,3,5,3,3,4,5,4,4,4,4,4,4,4,4,2,3,2,4,3,4,4,3,4,1,1,1,1,1,1,1,1,1,1,1,1,1,1,3,5,4,3,3,2,4,3,3,2,3,4,5,4,4,4,4,3,3,4,Female,23,white,single,2500,5,social_sciences_arts_education
285,3,3,3,3,4,5,3,4,4,4,4,1,3,5,4,5,5,3,5,4,3,3,2,3,3,3,1,1,2,2,2,2,2,1,1,4,2,1,4,4,4,5,5,5,3,3,4,4,3,4,3,3,3,3,3,2,3,3,2,3,Male,21,black,single,900,3,social_sciences_arts_education
286,4,3,4,3,3,3,5,5,5,5,5,4,3,2,4,4,5,4,3,3,4,5,4,4,3,4,1,1,2,1,1,1,1,1,1,3,4,2,5,1,2,4,4,4,2,3,3,3,2,2,3,3,4,5,3,3,4,4,4,4,Male,22,white,single,4000,5,social_sciences_arts_education
287,2,4,3,3,3,5,5,3,5,4,4,4,5,2,3,4,4,3,2,3,3,3,3,4,1,3,2,1,2,1,1,1,3,1,4,1,1,2,2,1,1,4,1,2,3,4,4,5,5,2,3,3,5,5,3,5,3,4,4,4,Male,23,white,single,2000,4,social_sciences_arts_education
288,5,3,4,2,5,5,4,5,4,5,5,4,5,2,4,5,4,3,4,3,4,5,4,5,4,4,1,1,1,1,1,1,2,1,1,1,1,4,2,1,3,4,4,3,3,1,2,2,2,3,4,3,5,5,5,4,3,5,2,5,Male,22,white,single,19960,4,social_sciences_arts_education
289,5,5,5,3,4,4,4,4,5,4,4,4,4,4,4,4,4,3,4,3,4,3,4,3,3,4,1,1,1,1,1,1,1,1,4,4,1,1,2,1,4,5,5,4,4,1,4,3,4,4,2,4,3,5,4,4,4,2,4,3,Female,20,white,single,2000,4,social_sciences_arts_education
291,3,4,5,4,5,5,4,4,4,4,4,3,4,3,3,5,4,3,3,4,3,3,4,3,2,3,1,1,3,1,1,1,1,1,1,1,4,3,1,1,3,4,4,1,5,5,4,4,3,2,3,2,3,4,4,4,3,3,4,4,Male,19,brown,single,7000,4,social_sciences_arts_education
292,2,3,1,1,4,4,4,4,5,5,5,4,3,5,5,5,5,3,5,2,5,5,3,5,2,4,1,1,1,1,1,1,1,1,1,1,1,1,1,1,5,5,5,5,2,1,1,2,2,3,2,2,4,3,3,3,4,4,5,3,Female,19,brown,single,600,2,social_sciences_arts_education
293,1,1,2,1,3,4,4,3,3,3,3,2,3,2,3,5,5,3,3,1,3,4,4,4,3,3,1,1,3,1,1,1,1,1,1,1,1,1,1,1,3,5,5,5,4,4,4,4,4,3,4,3,3,3,3,2,3,3,2,3,Female,19,white,single,12000,4,social_sciences_arts_education
294,4,3,4,4,5,5,4,4,4,5,4,3,3,5,5,5,5,3,3,2,3,2,5,4,3,4,1,1,1,1,1,1,3,1,2,1,1,1,2,1,3,3,2,2,4,1,1,2,1,2,3,2,4,3,4,3,2,5,3,4,Female,23,white,single,2994,3,social_sciences_arts_education
295,4,5,4,3,4,4,4,5,5,4,4,3,3,3,4,4,3,2,2,2,4,4,3,4,4,4,1,1,2,3,1,1,2,1,2,4,4,1,4,4,4,5,4,3,3,2,2,4,2,4,3,3,4,3,4,5,5,3,4,3,Female,24,brown,single,2994,6,social_sciences_arts_education
296,5,5,5,4,5,3,5,4,5,5,5,5,5,4,5,5,5,4,5,3,4,5,5,4,4,5,1,1,1,1,1,1,1,1,1,1,1,1,3,1,3,5,5,2,3,3,2,2,3,2,4,2,3,4,4,3,4,2,3,4,Female,22,white,single,1800,2,social_sciences_arts_education
297,5,5,5,5,5,5,5,5,5,5,5,5,5,5,5,5,4,2,3,2,5,5,5,5,5,5,1,1,1,1,1,1,1,1,1,1,1,1,1,1,4,5,5,3,2,5,4,2,3,5,3,3,5,5,2,3,4,2,3,2,Female,18,brown,single,998,3,social_sciences_arts_education
298,3,4,5,5,5,3,4,5,4,4,5,4,4,5,1,4,5,4,3,4,4,2,2,3,5,5,1,1,1,1,1,1,1,1,1,1,1,1,1,1,4,5,4,5,3,3,5,5,5,4,3,3,5,4,3,3,4,3,3,3,Female,18,brown,single,998,4,social_sciences_arts_education
299,4,4,4,3,5,5,5,5,5,5,4,4,4,5,4,5,5,2,4,2,5,5,5,4,5,5,2,1,2,3,1,2,1,1,3,1,4,2,2,1,2,4,4,5,2,2,3,2,1,3,3,3,3,3,4,3,4,5,3,4,Female,18,brown,single,8000,3,social_sciences_arts_education
300,5,5,5,5,5,5,5,5,5,5,5,5,5,5,5,5,5,1,4,1,5,5,5,5,5,5,1,1,1,1,1,1,1,1,1,1,1,1,1,1,3,5,4,3,2,3,1,5,1,3,2,4,5,5,4,5,5,5,5,5,Female,20,white,single,15000,4,social_sciences_arts_education
301,4,3,3,2,3,4,3,4,5,5,4,3,4,4,5,2,3,2,3,3,5,5,4,4,3,5,1,1,1,1,1,1,7,1,1,1,2,4,3,1,2,3,3,4,2,1,1,2,2,3,3,4,4,4,4,3,2,3,3,3,Male,19,white,single,8000,4,social_sciences_arts_education
302,2,3,3,3,4,4,3,4,4,4,3,3,3,3,3,4,4,2,3,2,4,3,4,3,4,3,1,1,2,1,1,1,2,1,1,1,2,2,2,1,4,4,5,4,3,3,3,3,2,4,2,3,3,3,3,3,3,3,2,3,Female,22,brown,single,3500,4,social_sciences_arts_education
303,1,3,5,5,3,5,4,4,5,5,4,4,4,5,4,5,4,4,2,3,5,4,3,4,4,4,1,1,4,2,3,1,2,1,3,1,1,4,1,1,4,4,3,5,2,1,3,1,4,4,3,5,4,5,5,2,5,3,1,5,Male,19,asian,single,5000,4,exact_ biological_sciences
304,4,4,3,2,5,3,4,4,4,4,3,3,3,4,3,4,3,2,3,2,5,5,5,5,5,5,3,1,3,3,1,1,4,1,2,4,4,4,4,2,4,4,5,5,2,2,2,2,2,4,2,3,4,4,3,3,4,3,4,3,Male,21,white,single,6000,4,exact_ biological_sciences
305,5,5,5,4,5,5,5,4,5,5,5,4,5,5,4,5,5,3,5,3,4,3,3,5,5,5,1,2,2,1,1,1,3,1,1,1,2,3,2,1,4,4,5,3,3,3,4,5,2,4,2,3,3,3,2,2,4,3,3,2,Male,21,white,single,980,4,exact_ biological_sciences
306,3,4,5,4,5,5,5,5,5,4,5,3,5,3,3,5,5,3,3,4,4,5,4,5,4,5,1,1,3,1,1,1,4,1,3,3,2,3,2,2,4,5,5,4,2,2,2,3,2,2,2,2,3,3,3,2,4,3,2,4,Female,20,brown,single,1000,5,healthcare
307,4,4,5,4,4,5,5,5,5,5,4,5,5,3,5,5,4,5,5,5,5,4,5,4,5,5,1,1,1,1,1,1,2,1,1,4,1,1,4,4,4,5,5,4,5,3,5,5,4,5,2,2,3,5,2,5,5,3,4,3,Male,21,brown,single,1000,3,social_sciences_arts_education
308,1,2,1,2,1,5,5,5,4,5,5,3,3,4,2,5,5,5,5,4,3,3,5,3,4,4,1,1,1,1,1,1,1,1,1,1,1,1,1,1,5,3,4,5,3,2,1,2,2,3,1,2,2,2,2,1,2,1,3,1,Male,21,brown,single,8000,4,healthcare
309,5,5,5,4,5,5,5,5,5,5,5,5,5,5,5,3,4,3,4,3,5,4,3,4,5,5,1,1,1,1,1,1,1,1,2,1,1,1,1,1,2,3,3,3,3,2,3,3,2,2,4,4,4,5,5,4,5,4,4,4,Male,18,white,single,4000,5,social_sciences_arts_education
310,5,4,4,4,5,5,5,5,5,5,5,5,3,3,4,5,5,1,4,3,5,5,5,5,5,5,1,1,1,1,1,1,2,1,1,1,1,1,1,1,5,5,5,5,2,1,3,2,2,3,5,5,5,5,5,4,5,5,3,4,Male,18,brown,single,3500,5,social_sciences_arts_education
311,2,4,4,4,4,5,4,3,4,3,4,4,4,4,4,4,4,3,4,3,2,3,4,3,4,4,1,1,1,1,1,1,1,1,1,1,1,1,1,1,5,5,5,5,5,4,4,3,2,5,2,2,2,3,2,2,4,3,3,3,Female,20,brown,single,4600,3,social_sciences_arts_education
312,3,4,4,2,3,4,3,3,4,3,4,3,4,3,5,4,5,2,4,3,5,5,5,5,2,3,1,1,1,1,1,1,3,1,2,1,3,5,3,1,3,3,5,3,2,1,1,1,1,3,4,2,3,5,5,2,5,5,3,5,Female,25,brown,single,3000,4,exact_ biological_sciences
314,3,3,2,1,1,5,5,5,5,5,5,5,5,5,3,5,5,2,5,3,5,5,5,5,4,5,1,1,1,1,1,1,2,1,1,1,1,1,1,1,4,5,5,4,3,2,4,3,4,5,2,3,3,4,2,2,5,2,3,2,Female,22,white,single,8000,5,healthcare
315,3,4,4,3,3,5,3,4,4,4,3,4,2,1,4,4,4,2,2,1,5,4,5,5,4,4,1,1,1,1,1,1,1,1,1,1,1,5,1,1,4,3,3,2,3,2,4,2,3,3,4,4,3,3,5,4,4,4,3,4,Male,21,brown,single,7000,4,social_sciences_arts_education
317,5,5,5,4,5,5,3,5,5,5,4,4,5,5,4,4,4,2,5,1,4,4,3,4,3,5,1,1,1,1,1,1,1,1,1,2,2,7,2,2,4,5,5,1,3,1,1,2,1,5,2,2,3,4,3,2,2,2,2,3,Female,19,white,single,10000,6,exact_ biological_sciences
318,4,5,5,3,5,5,5,5,5,5,5,5,5,4,4,4,4,3,5,4,5,4,4,5,5,5,1,1,2,1,1,1,2,1,1,1,1,1,1,1,4,4,5,4,2,2,3,2,1,5,1,2,3,5,2,2,4,2,2,2,Female,20,brown,single,1000,3,exact_ biological_sciences
319,5,5,5,4,5,5,5,5,5,5,4,4,4,2,3,3,5,1,2,3,5,4,4,5,4,5,1,1,2,2,1,1,2,1,1,1,2,2,2,2,4,5,4,3,3,2,4,3,1,3,3,5,3,3,3,2,5,3,4,3,Female,19,brown,single,2800,3,exact_ biological_sciences
320,2,3,3,3,2,5,4,5,4,5,4,5,3,4,3,3,5,2,4,3,4,4,4,4,2,5,1,1,4,4,1,1,3,1,3,1,1,5,3,1,4,5,4,5,4,2,5,4,4,3,3,4,4,4,3,4,5,4,3,3,Male,19,white,single,10000,4,social_sciences_arts_education
321,1,1,1,1,3,2,1,2,5,5,3,5,2,4,3,3,1,1,1,3,4,5,4,4,5,5,1,4,1,4,1,1,4,1,4,4,4,7,5,4,4,4,5,3,2,2,4,4,4,5,3,5,5,5,3,4,5,4,4,4,Male,36,brown,married_partnered,2700,5,healthcare
322,4,4,4,4,2,5,5,5,5,4,5,5,4,4,5,4,5,4,4,4,5,4,5,4,5,5,1,1,4,2,1,1,4,7,1,4,1,2,5,1,4,5,4,4,4,3,4,4,3,5,4,4,4,5,3,5,5,5,5,3,Male,27,brown,single,3000,4,social_sciences_arts_education
